201 1 4
201 111 4
201 268 4
201 283 5
201 291 5
201 305 4
201 331 4
201 740 4
202 259 3
202 292 3
202 682 3
202 872 4
202 877 3
202 880 3
202 887 4
202 895 3
202 948 3
203 7 4
203 9 4
203 100 5
203 106 3
203 111 4
203 117 3
203 118 3
203 121 4
203 123 3
203 129 3
203 148 3
203 181 4
203 222 3
203 235 3
203 274 3
203 276 4
203 284 4
203 291 3
203 370 3
203 410 3
203 471 3
203 472 3
203 515 4
203 546 3
203 597 3
203 685 4
203 748 3
203 845 3
203 864 3
203 866 3
203 925 4
203 928 3
204 22 4
204 66 4
204 243 4
204 245 4
204 258 5
204 259 4
204 269 4
204 270 4
204 289 4
204 300 4
204 307 4
204 310 4
204 313 4
204 323 4
204 327 4
204 331 4
204 333 4
204 342 4
204 343 4
204 348 4
204 678 4
204 683 4
204 687 4
204 689 4
204 690 4
204 748 4
204 754 5
204 879 4
204 892 4
204 901 4
205 2 2
205 5 2
205 8 2
205 11 2
205 12 3
205 22 3
205 23 2
205 28 2
205 29 2
205 30 2
205 31 3
205 32 2
205 33 2
205 37 2
205 38 2
205 39 2
205 40 2
205 41 2
205 42 2
205 43 2
205 45 2
205 47 2
205 48 2
205 49 2
205 50 2
205 51 2
205 52 2
205 53 2
205 55 2
205 56 3
205 57 2
205 58 2
205 60 2
205 61 2
205 62 2
205 63 2
205 64 2
205 66 2
205 67 2
205 68 2
205 70 2
205 71 2
205 72 2
205 73 2
205 75 2
205 76 2
205 77 2
205 78 2
205 80 2
205 81 2
205 82 2
205 83 2
205 85 2
205 87 2
205 88 2
205 90 2
205 91 2
205 92 2
205 94 2
205 96 3
205 97 2
205 98 3
205 101 2
205 102 2
205 127 3
205 132 2
205 135 2
205 139 2
205 141 3
205 142 2
205 149 2
205 161 2
205 168 2
205 169 2
205 172 2
205 173 3
205 175 2
205 178 2
205 179 2
205 180 2
205 183 2
205 184 2
205 185 2
205 186 2
205 188 2
205 189 3
205 190 3
205 191 2
205 192 2
205 193 2
205 195 2
205 197 2
205 198 2
205 199 2
205 200 2
205 202 2
205 204 2
205 206 2
205 207 3
205 208 2
205 210 2
205 211 2
205 212 2
205 214 2
205 215 2
205 216 2
205 217 2
205 218 2
205 219 2
205 226 2
205 227 2
205 228 2
205 229 2
205 230 2
205 231 2
205 232 2
205 233 2
205 234 2
205 238 2
205 239 2
205 265 3
205 288 2
205 302 3
205 308 2
205 317 2
205 318 4
205 347 2
205 350 2
205 351 2
205 356 3
205 361 5
205 364 2
205 365 2
205 366 2
205 367 2
205 371 2
205 374 2
205 376 2
205 377 2
205 379 2
205 383 2
205 384 2
205 386 2
205 387 2
205 388 2
205 391 2
205 393 2
205 395 2
205 396 2
205 397 2
205 399 2
205 400 2
205 402 2
205 403 2
205 404 2
205 414 2
205 415 2
205 416 2
205 417 2
205 419 2
205 420 2
205 421 2
205 422 2
205 423 2
205 426 2
205 427 3
205 430 2
205 431 2
205 433 2
205 434 2
205 437 2
205 438 2
205 439 2
205 440 2
205 441 2
205 442 2
205 444 2
205 446 2
205 447 2
205 448 2
205 449 2
205 450 2
205 451 2
205 452 2
205 453 2
205 461 2
205 462 3
205 463 2
205 464 3
205 465 2
205 467 2
205 469 3
205 470 3
205 480 2
205 482 2
205 501 2
205 504 2
205 509 2
205 510 2
205 511 2
205 514 2
205 515 2
205 516 2
205 517 2
205 518 2
205 519 2
205 520 2
205 521 2
205 522 2
205 523 2
205 524 2
205 525 2
205 526 2
205 527 2
205 528 2
205 529 2
205 530 2
205 536 2
205 537 2
205 540 2
205 541 2
205 543 2
205 545 2
205 548 2
205 549 2
205 551 2
205 552 2
205 553 2
205 555 2
205 556 2
205 557 2
205 558 2
205 559 2
205 560 2
205 561 2
205 562 2
205 563 2
205 564 2
205 565 2
205 566 3
205 567 2
205 568 2
205 569 2
205 570 2
205 573 2
205 574 4
205 575 2
205 577 2
205 578 2
205 579 2
205 580 2
205 581 2
205 583 2
205 584 2
205 585 2
205 586 2
205 588 3
205 592 3
205 593 4
205 603 3
205 606 2
205 622 2
205 623 2
205 624 2
205 625 2
205 626 4
205 627 2
205 639 2
205 642 2
205 643 2
205 644 3
205 645 2
205 647 2
205 648 3
205 649 2
205 650 2
205 651 3
205 652 2
205 653 2
205 654 2
205 655 2
205 656 2
205 659 2
205 661 3
205 662 3
205 664 2
205 666 2
205 667 3
205 669 2
205 670 2
205 671 2
205 673 2
205 674 2
205 675 2
205 679 2
205 684 4
205 692 2
205 693 2
205 694 2
205 695 2
205 697 2
205 699 3
205 700 4
205 702 2
205 707 2
205 708 2
205 710 2
205 712 2
205 714 2
205 715 2
205 716 2
205 719 2
205 720 2
205 721 2
205 722 2
205 723 2
205 726 4
205 727 2
205 728 2
205 729 3
205 731 2
205 732 2
205 734 2
205 736 2
205 739 2
205 745 4
205 746 2
205 747 2
205 753 2
205 755 2
205 759 2
205 761 2
205 765 2
205 768 2
205 769 2
205 770 2
205 771 2
205 772 2
205 773 2
205 774 2
205 775 2
205 776 2
205 777 2
205 778 2
205 779 2
205 780 2
205 782 2
205 783 2
205 784 2
205 785 2
205 786 2
205 787 2
205 788 2
205 789 2
205 790 2
205 791 2
205 793 2
205 794 2
205 795 2
205 796 2
205 798 2
205 802 2
205 807 2
205 808 2
205 810 2
205 812 2
205 816 2
205 842 2
205 843 2
205 849 2
205 851 2
205 853 2
205 854 2
205 855 2
205 858 2
205 859 2
205 860 3
205 861 2
205 904 2
205 921 2
205 939 3
205 941 2
205 943 2
205 944 2
205 946 2
205 947 2
205 949 2
205 951 2
205 953 2
205 955 2
205 956 2
205 957 2
205 959 2
205 960 2
205 964 2
205 969 2
205 971 2
205 994 2
205 996 2
205 997 2
205 999 3
206 1 3
206 3 3
206 4 2
206 5 3
206 7 2
206 8 2
206 10 2
206 11 2
206 12 4
206 13 3
206 14 3
206 15 3
206 20 2
206 22 4
206 24 2
206 25 2
206 28 4
206 30 3
206 32 2
206 39 2
206 40 3
206 42 3
206 47 2
206 48 2
206 50 3
206 52 2
206 58 2
206 63 3
206 64 4
206 69 3
206 71 2
206 72 2
206 79 2
206 85 3
206 86 2
206 87 2
206 89 2
206 92 3
206 93 3
206 96 3
206 99 2
206 115 3
206 117 3
206 121 2
206 123 2
206 125 3
206 127 3
206 129 3
206 131 2
206 132 2
206 133 2
206 134 2
206 135 2
206 136 2
206 143 3
206 148 2
206 151 2
206 152 2
206 153 2
206 156 2
206 158 3
206 164 3
206 168 2
206 170 2
206 172 2
206 173 3
206 174 4
206 175 3
206 179 2
206 181 2
206 182 3
206 183 2
206 186 2
206 187 2
206 188 2
206 190 2
206 191 3
206 194 3
206 195 2
206 196 2
206 198 2
206 199 3
206 202 2
206 203 2
206 204 3
206 206 3
206 209 2
206 211 3
206 212 2
206 213 2
206 215 2
206 218 2
206 219 3
206 220 2
206 222 2
206 228 2
206 234 2
206 235 2
206 237 3
206 238 3
206 239 3
206 240 2
206 274 2
206 275 2
206 276 2
206 277 2
206 284 2
206 289 2
206 317 2
206 318 3
206 357 3
206 368 2
206 381 3
206 396 2
206 404 2
206 405 2
206 410 2
206 411 2
206 414 2
206 418 2
206 419 2
206 420 3
206 421 3
206 427 3
206 428 3
206 429 3
206 430 2
206 431 2
206 434 2
206 435 2
206 436 3
206 443 3
206 447 3
206 451 2
206 452 3
206 453 2
206 461 2
206 463 2
206 468 4
206 469 2
206 474 3
206 476 2
206 479 3
206 480 2
206 481 2
206 482 2
206 485 2
206 487 2
206 488 2
206 490 3
206 496 2
206 498 3
206 499 2
206 501 2
206 503 2
206 504 2
206 505 2
206 507 2
206 508 2
206 509 2
206 511 3
206 514 2
206 515 3
206 517 3
206 519 3
206 520 2
206 523 3
206 524 3
206 526 2
206 527 3
206 528 2
206 529 2
206 543 2
206 559 2
206 561 2
206 573 2
206 582 2
206 588 2
206 589 2
206 591 3
206 596 2
206 605 2
206 606 2
206 607 2
206 608 4
206 610 2
206 611 2
206 612 2
206 624 2
206 632 2
206 633 2
206 634 4
206 638 3
206 639 2
206 640 3
206 641 3
206 642 2
206 645 2
206 647 2
206 651 3
206 652 2
206 655 3
206 662 3
206 663 3
206 664 2
206 665 3
206 672 2
206 675 2
206 692 2
206 693 2
206 699 3
206 701 2
206 705 2
206 712 2
206 713 2
206 715 3
206 727 3
206 732 2
206 735 2
206 737 3
206 745 4
206 746 2
206 747 3
206 756 2
206 772 2
206 787 2
206 813 3
206 823 4
206 825 4
206 826 2
206 831 2
206 845 3
206 919 3
206 921 2
206 923 2
206 942 2
206 960 2
206 962 2
207 1 4
207 2 4
207 4 4
207 8 4
207 25 4
207 28 4
207 29 4
207 40 4
207 45 4
207 50 5
207 56 4
207 62 4
207 68 4
207 69 4
207 70 4
207 82 4
207 88 5
207 89 4
207 91 4
207 96 4
207 97 4
207 98 5
207 99 4
207 100 4
207 117 4
207 118 4
207 123 4
207 127 4
207 132 4
207 135 4
207 143 4
207 144 4
207 147 4
207 157 4
207 158 4
207 159 4
207 161 4
207 163 4
207 172 4
207 173 4
207 174 5
207 177 5
207 179 4
207 180 4
207 181 4
207 182 4
207 183 4
207 185 4
207 186 4
207 188 4
207 193 4
207 194 4
207 196 4
207 197 4
207 200 4
207 201 4
207 202 4
207 203 4
207 205 4
207 208 5
207 209 5
207 211 4
207 214 4
207 215 4
207 216 4
207 217 4
207 218 4
207 222 4
207 223 5
207 226 4
207 227 4
207 228 5
207 229 4
207 230 4
207 231 4
207 232 4
207 235 4
207 238 4
207 239 4
207 244 4
207 248 4
207 249 4
207 250 4
207 255 4
207 257 4
207 265 4
207 269 5
207 274 4
207 286 4
207 289 4
207 290 4
207 291 4
207 313 4
207 316 4
207 345 4
207 357 4
207 371 4
207 382 4
207 385 4
207 393 4
207 399 4
207 400 4
207 405 4
207 416 4
207 418 4
207 423 4
207 427 4
207 428 4
207 432 4
207 433 4
207 436 4
207 447 4
207 448 4
207 449 4
207 455 4
207 466 4
207 476 4
207 478 5
207 479 4
207 483 5
207 484 4
207 493 5
207 496 5
207 502 4
207 508 4
207 510 4
207 514 5
207 519 5
207 521 5
207 525 4
207 559 4
207 561 4
207 565 4
207 588 5
207 603 4
207 616 4
207 629 5
207 635 4
207 642 4
207 648 4
207 656 5
207 657 5
207 660 4
207 675 4
207 684 4
207 705 5
207 710 4
207 712 4
207 715 4
207 729 4
207 732 5
207 746 4
207 755 4
207 756 4
207 785 4
207 844 4
207 859 4
207 869 4
207 879 4
207 949 4
207 969 4
207 972 4
207 993 4
208 270 5
208 271 4
208 286 4
208 294 4
208 300 5
208 313 4
208 315 4
208 319 4
208 328 4
208 347 5
208 358 4
208 539 4
208 683 4
208 689 4
208 748 4
209 6 4
209 8 4
209 9 4
209 12 4
209 14 4
209 22 4
209 23 5
209 28 4
209 30 4
209 48 4
209 50 4
209 58 4
209 59 4
209 60 4
209 65 4
209 87 4
209 97 4
209 98 4
209 99 4
209 100 4
209 133 4
209 135 4
209 153 4
209 154 4
209 156 4
209 162 4
209 166 4
209 168 4
209 170 4
209 172 5
209 173 4
209 174 5
209 175 4
209 179 4
209 181 4
209 186 4
209 191 4
209 192 4
209 195 4
209 197 4
209 199 4
209 200 4
209 201 4
209 202 4
209 203 4
209 204 4
209 205 4
209 207 4
209 209 4
209 210 4
209 213 4
209 214 4
209 216 4
209 223 4
209 264 4
209 266 4
209 270 4
209 275 4
209 276 4
209 283 4
209 285 4
209 286 4
209 288 4
209 300 4
209 303 4
209 318 4
209 321 4
209 322 4
209 325 4
209 327 4
209 339 4
209 343 4
209 357 4
209 367 4
209 381 4
209 382 4
209 404 4
209 427 4
209 428 4
209 429 4
209 430 4
209 433 4
209 435 4
209 461 4
209 478 4
209 479 4
209 480 4
209 481 4
209 482 4
209 483 4
209 485 4
209 486 4
209 489 4
209 491 4
209 493 4
209 496 4
209 497 4
209 498 4
209 504 4
209 505 4
209 514 4
209 516 4
209 518 4
209 520 4
209 523 4
209 526 4
209 527 4
209 528 4
209 530 4
209 604 5
209 606 4
209 607 5
209 608 4
209 609 4
209 615 4
209 618 4
209 631 4
209 633 4
209 647 4
209 654 5
209 659 4
209 661 4
209 664 4
209 676 4
209 680 4
209 684 4
209 708 4
209 709 4
209 714 4
209 733 4
209 749 3
209 855 4
209 877 4
209 879 4
209 937 4
209 945 4
209 965 4
209 995 4
210 258 5
210 269 4
210 286 5
210 289 4
210 300 4
210 311 2
210 312 5
210 313 5
210 315 3
210 316 4
210 323 3
210 328 4
210 340 2
210 354 3
210 690 4
210 754 3
210 873 2
210 898 3
210 905 2
211 1 4
211 4 4
211 9 4
211 22 4
211 38 4
211 56 4
211 73 4
211 88 4
211 117 4
211 161 4
211 168 4
211 172 4
211 181 4
211 186 4
211 195 4
211 196 4
211 208 4
211 209 4
211 210 4
211 222 4
211 227 4
211 228 4
211 229 4
211 230 4
211 258 4
211 265 4
211 276 4
211 318 4
211 405 4
211 435 4
211 449 4
211 451 4
211 485 4
211 527 4
211 566 4
211 568 4
211 651 4
211 655 4
211 709 4
211 720 4
211 732 4
211 770 4
212 4 4
212 7 4
212 23 4
212 24 4
212 28 4
212 56 4
212 64 4
212 70 4
212 81 4
212 92 4
212 96 4
212 150 4
212 154 4
212 172 4
212 173 4
212 175 4
212 182 4
212 186 4
212 193 4
212 206 4
212 211 4
212 218 4
212 276 4
212 288 4
212 318 4
212 340 4
212 408 4
212 427 4
212 436 4
212 480 4
212 487 4
212 508 5
212 526 4
212 634 4
212 651 4
212 684 4
212 724 4
213 7 4
213 9 4
213 15 5
213 50 4
213 124 4
213 181 3
213 222 3
213 236 3
213 245 3
213 255 3
213 257 4
213 258 4
213 260 3
213 269 4
213 271 3
213 275 4
213 286 4
213 297 3
213 300 4
213 301 4
213 302 4
213 303 3
213 306 3
213 326 3
213 328 3
213 332 3
213 471 4
213 508 3
213 628 4
213 690 3
213 877 4
213 936 5
214 100 4
214 258 5
214 260 4
214 294 4
214 300 4
214 301 4
214 302 4
214 325 4
214 340 4
214 343 4
214 678 4
214 748 4
215 56 4
215 185 4
215 195 4
215 243 4
215 269 4
215 322 4
215 323 4
215 328 4
215 432 4
215 531 4
215 748 4
215 754 4
216 1 4
216 2 4
216 7 4
216 8 4
216 9 4
216 10 5
216 11 5
216 12 4
216 13 4
216 14 4
216 21 4
216 22 5
216 24 4
216 25 4
216 27 4
216 28 4
216 29 4
216 31 4
216 32 4
216 36 4
216 38 4
216 41 4
216 42 4
216 43 4
216 44 4
216 49 4
216 50 5
216 51 4
216 53 4
216 54 4
216 55 4
216 56 5
216 58 4
216 64 5
216 65 4
216 66 4
216 67 4
216 69 4
216 70 4
216 71 4
216 73 4
216 77 4
216 81 4
216 82 5
216 83 5
216 85 5
216 86 5
216 87 4
216 88 4
216 90 4
216 92 4
216 93 5
216 94 4
216 97 4
216 98 4
216 99 4
216 105 4
216 106 4
216 107 4
216 117 4
216 121 4
216 123 4
216 125 4
216 126 4
216 127 4
216 132 5
216 133 4
216 134 4
216 136 5
216 137 4
216 140 4
216 142 4
216 143 4
216 144 4
216 148 4
216 154 4
216 155 4
216 156 4
216 157 4
216 158 4
216 159 4
216 161 4
216 168 4
216 172 4
216 174 5
216 176 4
216 178 5
216 181 4
216 182 5
216 183 5
216 185 4
216 187 4
216 191 4
216 194 5
216 195 5
216 196 5
216 197 4
216 199 5
216 200 4
216 202 4
216 203 4
216 204 4
216 209 4
216 210 4
216 211 4
216 213 5
216 215 4
216 216 4
216 217 4
216 219 4
216 220 4
216 225 4
216 226 4
216 230 4
216 234 4
216 237 4
216 238 4
216 239 4
216 240 4
216 241 4
216 242 4
216 245 4
216 246 4
216 248 4
216 249 4
216 250 4
216 251 4
216 252 4
216 253 4
216 254 4
216 257 4
216 258 5
216 259 4
216 264 4
216 266 4
216 268 4
216 272 5
216 274 4
216 275 4
216 276 4
216 277 4
216 281 4
216 283 4
216 284 4
216 285 4
216 286 4
216 287 4
216 288 4
216 289 4
216 294 4
216 295 4
216 297 4
216 298 4
216 301 4
216 304 5
216 307 5
216 312 4
216 313 5
216 315 4
216 316 4
216 317 4
216 318 4
216 319 4
216 322 4
216 323 4
216 326 4
216 327 4
216 328 4
216 329 4
216 331 4
216 332 4
216 333 5
216 338 4
216 339 4
216 346 4
216 347 4
216 348 5
216 354 4
216 356 4
216 357 5
216 364 4
216 366 4
216 367 4
216 369 4
216 375 2
216 378 4
216 385 5
216 388 4
216 393 4
216 395 4
216 396 4
216 399 4
216 401 4
216 402 4
216 403 4
216 404 4
216 405 4
216 411 4
216 412 4
216 417 4
216 418 4
216 419 4
216 423 5
216 425 5
216 427 5
216 431 4
216 432 4
216 433 4
216 443 4
216 448 5
216 451 5
216 452 4
216 462 4
216 463 4
216 468 4
216 469 4
216 471 4
216 472 5
216 473 4
216 475 4
216 476 4
216 479 4
216 480 4
216 496 4
216 498 4
216 500 4
216 501 4
216 506 4
216 509 4
216 515 4
216 526 4
216 531 4
216 532 4
216 538 5
216 546 4
216 549 4
216 553 4
216 554 4
216 559 4
216 560 4
216 564 4
216 568 4
216 576 4
216 578 4
216 585 4
216 588 4
216 591 4
216 592 4
216 607 4
216 614 4
216 619 4
216 625 4
216 627 4
216 628 4
216 633 4
216 651 4
216 652 4
216 657 4
216 658 5
216 660 4
216 662 4
216 676 4
216 678 4
216 682 4
216 684 4
216 685 4
216 686 4
216 689 4
216 690 4
216 693 4
216 696 4
216 699 4
216 707 4
216 708 4
216 710 4
216 712 4
216 713 5
216 717 4
216 720 4
216 721 4
216 723 4
216 724 4
216 729 4
216 734 4
216 735 4
216 737 4
216 738 4
216 739 4
216 746 4
216 747 4
216 748 4
216 750 4
216 754 5
216 755 4
216 761 4
216 762 4
216 768 4
216 770 4
216 775 4
216 778 4
216 781 4
216 783 4
216 785 4
216 790 4
216 792 4
216 794 4
216 795 4
216 803 3
216 807 5
216 812 4
216 815 4
216 819 4
216 821 4
216 824 4
216 827 4
216 833 4
216 834 4
216 840 4
216 842 5
216 843 4
216 845 4
216 849 4
216 864 4
216 866 4
216 873 4
216 874 4
216 879 4
216 895 4
216 915 4
216 916 4
216 917 5
216 918 4
216 928 4
216 929 4
216 931 4
216 934 4
216 936 5
216 937 5
216 938 4
216 941 4
216 955 5
216 959 4
216 966 4
216 972 4
216 975 4
216 980 4
216 985 4
216 990 4
216 997 4
217 1 4
217 3 4
217 5 4
217 7 4
217 11 4
217 12 4
217 13 4
217 15 4
217 16 4
217 17 4
217 20 4
217 23 4
217 27 4
217 29 4
217 32 4
217 39 4
217 42 4
217 44 4
217 47 4
217 50 4
217 51 4
217 55 4
217 56 4
217 58 4
217 62 4
217 63 4
217 64 4
217 65 4
217 67 4
217 68 4
217 69 4
217 70 4
217 72 4
217 73 4
217 77 4
217 78 4
217 79 4
217 80 4
217 81 4
217 82 5
217 83 4
217 89 4
217 91 4
217 95 4
217 96 4
217 97 4
217 98 4
217 99 4
217 100 4
217 101 4
217 106 4
217 109 4
217 118 4
217 120 4
217 122 4
217 123 4
217 125 4
217 127 4
217 131 4
217 132 4
217 135 4
217 139 4
217 142 4
217 144 4
217 145 4
217 147 4
217 154 4
217 157 4
217 159 4
217 162 4
217 164 4
217 167 4
217 168 4
217 169 4
217 171 4
217 172 4
217 173 4
217 174 4
217 176 4
217 178 4
217 179 4
217 181 4
217 182 4
217 183 4
217 184 4
217 186 4
217 190 4
217 195 4
217 196 4
217 198 4
217 200 4
217 201 4
217 202 4
217 206 4
217 207 4
217 208 4
217 214 4
217 216 4
217 217 4
217 218 4
217 219 4
217 222 4
217 223 4
217 226 4
217 228 4
217 232 4
217 234 4
217 235 4
217 242 4
217 245 4
217 246 4
217 248 4
217 250 4
217 252 4
217 255 4
217 257 4
217 258 4
217 260 4
217 264 4
217 265 4
217 270 4
217 273 4
217 286 4
217 288 4
217 290 4
217 293 4
217 294 5
217 298 4
217 323 4
217 324 4
217 325 4
217 326 4
217 340 4
217 357 4
217 358 4
217 364 4
217 367 4
217 373 4
217 380 4
217 382 4
217 385 4
217 386 4
217 388 4
217 391 4
217 392 4
217 393 4
217 395 4
217 396 4
217 399 4
217 402 4
217 403 4
217 404 4
217 413 5
217 419 4
217 420 4
217 421 4
217 422 4
217 423 4
217 425 4
217 428 4
217 431 4
217 433 4
217 436 4
217 441 4
217 444 4
217 447 4
217 449 4
217 451 4
217 452 4
217 461 4
217 465 4
217 472 4
217 474 4
217 475 4
217 483 4
217 484 4
217 485 4
217 498 4
217 501 4
217 508 4
217 513 4
217 518 4
217 541 4
217 544 4
217 545 4
217 546 4
217 551 5
217 552 4
217 555 4
217 559 4
217 561 4
217 562 4
217 563 5
217 574 4
217 578 4
217 579 4
217 582 4
217 596 4
217 597 4
217 614 4
217 616 4
217 625 4
217 628 4
217 631 4
217 636 4
217 638 4
217 640 4
217 642 4
217 655 4
217 658 4
217 665 4
217 668 4
217 669 5
217 674 4
217 679 4
217 684 4
217 685 4
217 692 4
217 708 4
217 709 4
217 710 4
217 715 4
217 723 5
217 725 4
217 727 4
217 728 4
217 732 4
217 742 4
217 746 4
217 747 4
217 748 4
217 758 4
217 762 4
217 764 4
217 765 4
217 767 1
217 769 4
217 774 4
217 778 4
217 781 4
217 783 4
217 792 4
217 796 4
217 797 4
217 800 4
217 804 4
217 809 4
217 810 4
217 815 4
217 825 4
217 827 4
217 831 4
217 849 4
217 855 4
217 871 4
217 895 4
217 923 4
217 928 4
217 940 4
217 943 4
217 944 4
217 946 4
217 963 4
217 979 3
217 999 4
217 1000 4
218 258 3
218 269 2
218 288 3
218 301 2
218 302 2
218 313 4
218 327 3
218 328 2
218 331 2
218 362 2
218 750 2
218 895 2
218 899 2
219 50 5
219 79 5
219 89 5
219 100 5
219 173 5
219 181 5
219 223 5
219 257 5
219 275 5
219 286 5
219 405 5
219 478 5
219 488 5
219 615 5
219 617 5
219 705 5
220 19 4
220 86 4
220 100 5
220 116 4
220 137 4
220 251 4
220 275 4
220 283 4
220 302 4
220 319 4
220 331 4
220 408 4
220 475 4
220 478 5
220 508 4
220 513 4
220 603 4
220 750 4
220 753 4
221 4 4
221 7 5
221 11 5
221 12 5
221 50 5
221 56 5
221 82 5
221 87 4
221 89 5
221 96 5
221 100 5
221 117 5
221 124 5
221 127 4
221 129 4
221 144 4
221 156 4
221 164 4
221 172 5
221 174 5
221 175 4
221 176 5
221 182 5
221 183 5
221 185 5
221 194 5
221 200 4
221 213 4
221 218 4
221 219 4
221 238 4
221 302 5
221 333 4
221 443 4
221 448 4
221 466 4
221 516 5
221 517 5
221 653 4
221 657 4
221 672 4
221 709 5
221 879 4
221 914 4
221 915 4
222 1 3
222 15 3
222 50 4
222 53 3
222 98 4
222 100 4
222 109 3
222 117 3
222 124 3
222 126 4
222 127 4
222 129 3
222 137 4
222 151 3
222 181 3
222 184 3
222 200 3
222 201 3
222 217 3
222 219 3
222 222 3
222 235 3
222 250 3
222 257 3
222 258 3
222 260 3
222 270 3
222 273 4
222 276 4
222 286 3
222 287 4
222 288 3
222 293 4
222 294 3
222 299 4
222 307 4
222 324 3
222 326 4
222 327 4
222 334 3
222 370 3
222 379 3
222 396 3
222 410 3
222 436 3
222 447 3
222 448 3
222 452 3
222 458 3
222 475 4
222 477 3
222 515 3
222 551 3
222 558 4
222 559 3
222 561 3
222 590 3
222 665 3
222 670 3
222 671 3
222 672 3
222 682 3
222 742 3
222 760 3
222 854 5
222 867 5
222 919 3
222 922 3
222 926 3
223 9 4
223 15 4
223 127 4
223 148 4
223 237 4
223 245 4
223 258 4
223 269 4
223 272 4
223 276 4
223 282 4
223 286 4
223 299 4
223 300 4
223 304 4
223 307 4
223 310 4
223 313 4
223 315 4
223 322 4
223 323 4
223 326 4
223 327 4
223 328 4
223 329 4
223 333 4
223 340 4
223 344 4
223 347 4
223 355 4
223 471 4
223 546 4
223 591 4
223 628 4
223 678 4
223 689 4
223 696 4
223 744 4
223 748 4
223 750 4
223 754 4
223 823 4
223 879 4
223 898 4
223 924 4
223 977 4
224 1 4
224 14 4
224 15 4
224 25 4
224 50 4
224 100 4
224 115 5
224 127 4
224 151 4
224 172 4
224 243 4
224 261 4
224 275 4
224 288 5
224 289 4
224 310 4
224 323 4
224 333 4
224 427 4
224 508 4
224 538 5
224 681 4
224 683 4
224 689 4
224 882 4
225 1 3
225 2 2
225 7 4
225 17 2
225 22 4
225 24 2
225 32 4
225 38 3
225 39 3
225 53 4
225 55 2
225 62 2
225 68 2
225 79 4
225 82 2
225 83 4
225 98 4
225 100 4
225 117 4
225 118 3
225 121 4
225 124 3
225 127 5
225 144 4
225 147 3
225 156 4
225 168 4
225 171 5
225 172 4
225 174 3
225 176 3
225 177 3
225 178 5
225 180 4
225 183 4
225 185 4
225 187 4
225 188 3
225 191 5
225 195 3
225 198 3
225 200 2
225 201 3
225 204 3
225 207 5
225 209 4
225 210 4
225 218 3
225 222 3
225 227 2
225 229 2
225 230 3
225 231 2
225 232 3
225 234 3
225 241 4
225 244 2
225 250 3
225 252 2
225 257 4
225 259 4
225 271 2
225 272 3
225 273 4
225 281 3
225 286 4
225 288 2
225 298 2
225 302 4
225 305 2
225 307 3
225 310 4
225 313 3
225 316 2
225 318 4
225 322 2
225 323 3
225 324 3
225 325 3
225 327 3
225 333 3
225 338 2
225 340 2
225 343 2
225 346 3
225 355 2
225 357 4
225 358 2
225 362 3
225 363 2
225 379 2
225 385 3
225 398 2
225 424 2
225 429 3
225 445 2
225 447 2
225 448 3
225 452 3
225 474 5
225 475 4
225 491 4
225 515 4
225 520 4
225 522 3
225 529 4
225 538 2
225 540 2
225 550 2
225 562 4
225 566 4
225 568 3
225 573 3
225 576 3
225 583 3
225 590 3
225 597 3
225 636 2
225 669 2
225 670 3
225 675 2
225 678 2
225 679 3
225 686 2
225 690 3
225 748 2
225 750 2
225 751 2
225 759 2
225 823 2
225 825 2
225 831 2
225 841 2
225 853 2
225 877 3
225 879 3
225 895 2
225 912 2
225 943 3
225 976 4
226 23 4
226 50 4
226 98 4
226 99 4
226 133 4
226 134 4
226 135 4
226 168 4
226 174 5
226 178 5
226 182 4
226 185 4
226 191 4
226 196 4
226 197 4
226 199 4
226 200 4
226 204 5
226 208 4
226 211 4
226 318 5
226 418 4
226 427 4
226 428 4
226 430 4
226 432 4
226 435 4
226 474 4
226 478 4
226 480 4
226 483 5
226 486 4
226 488 4
226 490 4
226 491 4
226 492 4
226 493 4
226 494 4
226 504 4
226 505 4
226 510 4
226 511 4
226 524 4
226 525 4
226 526 4
226 601 4
226 603 4
226 605 4
226 606 4
226 607 4
226 608 4
226 610 4
226 613 4
226 614 4
226 616 4
226 631 4
226 633 4
226 646 4
226 648 4
226 651 4
226 653 4
226 654 4
226 655 4
226 657 4
226 673 5
226 705 4
226 754 4
226 835 4
226 836 5
226 848 4
227 245 5
227 258 5
227 263 5
227 286 5
227 292 5
227 300 5
227 302 5
227 303 5
227 304 5
227 319 5
227 332 5
227 341 2
227 359 5
227 680 5
227 681 5
227 682 5
227 688 5
227 874 5
228 243 4
228 259 4
228 268 4
228 271 4
228 272 4
228 286 5
228 289 4
228 294 4
228 300 4
228 301 4
228 305 4
228 307 4
228 312 4
228 313 4
228 322 4
228 323 4
228 326 4
228 329 4
228 332 4
228 334 4
228 338 4
228 344 4
228 350 4
228 538 4
228 690 4
228 750 4
228 875 4
228 877 4
228 879 4
228 886 4
228 896 4
228 908 4
228 988 4
229 1 4
229 2 3
229 3 3
229 4 3
229 7 3
229 8 3
229 12 4
229 15 3
229 21 3
229 22 5
229 23 4
229 24 3
229 26 4
229 28 4
229 31 4
229 32 3
229 45 3
229 47 4
229 48 3
229 50 5
229 52 3
229 53 3
229 55 4
229 56 3
229 58 4
229 62 4
229 63 4
229 64 4
229 66 4
229 68 3
229 69 3
229 70 3
229 72 4
229 73 3
229 77 3
229 79 4
229 81 3
229 82 4
229 83 3
229 85 3
229 86 3
229 87 4
229 88 4
229 89 4
229 90 3
229 91 4
229 92 3
229 93 3
229 95 4
229 96 4
229 97 4
229 101 3
229 109 3
229 114 3
229 117 4
229 118 3
229 123 3
229 124 4
229 127 3
229 128 3
229 132 4
229 133 3
229 134 4
229 137 3
229 140 3
229 141 3
229 143 4
229 144 4
229 150 3
229 151 3
229 153 3
229 154 3
229 157 4
229 159 4
229 161 4
229 162 3
229 163 3
229 164 4
229 165 4
229 166 3
229 168 4
229 170 3
229 172 4
229 174 4
229 178 3
229 179 4
229 181 4
229 183 4
229 184 3
229 185 4
229 186 3
229 188 3
229 190 4
229 191 4
229 193 4
229 195 4
229 197 3
229 201 3
229 202 3
229 203 4
229 207 3
229 208 4
229 209 4
229 210 4
229 211 3
229 214 3
229 216 4
229 218 4
229 219 4
229 223 4
229 225 3
229 229 3
229 232 3
229 233 3
229 237 4
229 238 3
229 248 3
229 249 3
229 250 4
229 258 4
229 264 3
229 265 4
229 273 4
229 274 4
229 275 3
229 276 3
229 277 3
229 280 4
229 281 3
229 282 4
229 283 3
229 288 3
229 290 4
229 291 3
229 298 3
229 301 3
229 318 4
229 319 4
229 321 3
229 340 3
229 356 4
229 365 4
229 366 3
229 367 4
229 371 4
229 378 3
229 385 3
229 387 3
229 392 4
229 393 4
229 403 4
229 404 3
229 405 3
229 410 3
229 411 3
229 415 5
229 418 3
229 419 3
229 423 4
229 427 4
229 428 4
229 431 4
229 432 4
229 433 4
229 435 4
229 436 3
229 441 4
229 448 4
229 455 3
229 457 3
229 464 4
229 466 3
229 467 5
229 468 4
229 470 4
229 473 3
229 475 3
229 480 3
229 481 3
229 482 3
229 483 4
229 484 3
229 485 4
229 491 3
229 493 3
229 495 3
229 496 4
229 499 3
229 500 4
229 502 3
229 504 3
229 505 3
229 508 3
229 511 4
229 514 3
229 520 4
229 527 4
229 531 3
229 535 4
229 537 4
229 546 3
229 549 4
229 550 4
229 566 4
229 568 4
229 569 3
229 570 3
229 578 3
229 581 3
229 584 3
229 591 4
229 602 3
229 603 3
229 611 3
229 625 4
229 627 3
229 628 4
229 629 3
229 631 3
229 633 3
229 635 4
229 636 4
229 640 3
229 642 3
229 652 3
229 654 3
229 655 4
229 658 3
229 662 3
229 665 4
229 671 3
229 672 3
229 673 4
229 679 3
229 684 4
229 692 3
229 693 3
229 700 2
229 702 3
229 705 4
229 708 3
229 709 3
229 710 3
229 726 3
229 729 3
229 732 4
229 735 4
229 742 4
229 744 3
229 747 3
229 755 4
229 756 3
229 761 5
229 762 3
229 763 3
229 768 3
229 780 3
229 794 3
229 804 3
229 805 3
229 806 3
229 820 3
229 826 3
229 833 3
229 845 3
229 847 3
229 921 3
229 928 3
229 941 4
229 944 4
229 961 3
229 967 3
229 972 3
230 9 4
230 10 4
230 12 4
230 19 3
230 42 4
230 50 4
230 56 4
230 98 4
230 100 4
230 101 3
230 117 3
230 129 5
230 137 3
230 152 3
230 164 3
230 165 4
230 181 4
230 221 3
230 222 3
230 234 4
230 237 3
230 248 4
230 253 5
230 258 4
230 264 4
230 273 4
230 276 4
230 286 3
230 288 3
230 293 3
230 294 4
230 300 3
230 302 4
230 318 4
230 328 3
230 436 4
230 514 4
230 515 4
230 527 3
230 528 4
230 547 3
230 628 4
230 674 3
231 286 4
231 307 3
231 322 3
231 323 3
231 327 3
231 358 3
231 538 3
231 690 3
231 748 3
231 879 3
231 988 3
232 1 4
232 7 4
232 24 4
232 50 4
232 93 4
232 100 4
232 108 4
232 109 4
232 111 4
232 117 5
232 118 4
232 121 4
232 123 4
232 151 4
232 181 4
232 222 4
232 246 4
232 248 4
232 249 4
232 250 4
232 257 4
232 258 5
232 274 4
232 276 4
232 284 4
232 294 4
232 295 4
232 300 4
232 315 4
232 322 4
232 405 4
232 410 4
232 411 4
232 471 4
232 508 4
232 546 4
232 620 4
232 628 4
232 678 4
232 742 4
232 763 4
232 815 4
232 844 4
232 845 4
233 59 4
233 60 3
233 95 4
233 173 3
233 174 3
233 194 4
233 246 3
233 268 3
233 269 3
233 273 3
233 276 4
233 293 3
233 302 3
233 303 3
233 322 3
233 323 3
233 326 3
233 333 3
233 340 3
233 435 3
233 474 3
233 507 3
233 657 3
233 682 3
233 690 3
233 748 4
233 754 4
233 919 3
234 9 4
234 111 4
234 121 4
234 125 4
234 147 4
234 148 4
234 151 4
234 225 4
234 274 4
234 275 4
234 283 4
234 287 4
234 288 4
234 347 4
234 369 4
234 406 4
234 471 4
234 476 4
234 546 4
234 628 4
234 756 4
234 763 4
234 815 4
234 819 4
234 833 4
234 844 4
234 928 4
234 975 4
235 1 4
235 3 4
235 4 4
235 5 4
235 7 4
235 9 4
235 11 4
235 12 4
235 15 4
235 21 4
235 22 4
235 23 4
235 24 4
235 25 4
235 27 4
235 28 4
235 31 4
235 38 4
235 40 4
235 42 4
235 45 4
235 49 4
235 50 4
235 52 4
235 54 4
235 62 4
235 63 4
235 64 4
235 67 4
235 68 4
235 69 4
235 71 4
235 72 4
235 73 4
235 80 4
235 82 4
235 83 4
235 85 4
235 86 4
235 89 4
235 95 4
235 96 4
235 100 4
235 105 4
235 108 4
235 109 4
235 111 4
235 115 4
235 117 4
235 118 4
235 121 4
235 122 4
235 123 4
235 125 4
235 128 4
235 132 4
235 135 4
235 136 4
235 141 4
235 148 4
235 151 4
235 152 4
235 153 4
235 154 4
235 156 4
235 157 4
235 159 4
235 160 4
235 161 4
235 162 4
235 163 4
235 164 5
235 167 4
235 168 4
235 171 4
235 172 4
235 173 4
235 174 4
235 175 4
235 176 4
235 182 4
235 183 4
235 184 4
235 185 4
235 186 4
235 187 4
235 188 4
235 190 4
235 191 4
235 195 4
235 196 4
235 199 4
235 200 4
235 204 4
235 206 4
235 211 4
235 214 4
235 215 4
235 216 4
235 217 4
235 218 4
235 219 5
235 222 4
235 225 4
235 226 4
235 227 4
235 228 4
235 229 4
235 230 4
235 234 5
235 239 4
235 240 4
235 245 4
235 246 4
235 250 4
235 252 4
235 254 4
235 255 4
235 257 4
235 258 4
235 260 4
235 264 5
235 273 4
235 284 4
235 290 4
235 291 4
235 294 4
235 299 4
235 300 4
235 307 4
235 313 4
235 317 4
235 318 4
235 321 4
235 327 4
235 331 4
235 338 4
235 343 4
235 351 4
235 354 4
235 357 4
235 358 4
235 367 4
235 369 4
235 376 4
235 380 4
235 381 4
235 382 4
235 384 4
235 385 4
235 386 4
235 392 4
235 393 4
235 394 4
235 399 4
235 402 4
235 403 4
235 404 5
235 410 4
235 411 4
235 413 4
235 423 4
235 424 4
235 431 4
235 433 4
235 434 4
235 435 4
235 436 4
235 443 4
235 447 4
235 448 4
235 451 4
235 455 4
235 462 4
235 465 4
235 470 4
235 473 4
235 474 4
235 476 4
235 520 4
235 541 4
235 542 4
235 546 4
235 550 4
235 554 4
235 561 4
235 566 4
235 567 4
235 568 4
235 569 4
235 571 4
235 572 4
235 573 4
235 576 4
235 577 4
235 578 4
235 584 4
235 587 4
235 588 4
235 597 4
235 616 4
235 625 4
235 628 4
235 631 5
235 637 4
235 640 4
235 649 4
235 652 4
235 655 4
235 659 4
235 665 4
235 672 4
235 673 4
235 675 5
235 679 4
235 684 4
235 693 4
235 696 4
235 697 4
235 710 4
235 713 4
235 715 4
235 717 4
235 720 4
235 729 4
235 732 4
235 743 4
235 746 4
235 748 4
235 751 4
235 752 4
235 756 4
235 760 4
235 762 4
235 780 4
235 781 4
235 786 4
235 790 4
235 792 5
235 797 4
235 800 4
235 820 4
235 821 4
235 825 4
235 826 4
235 831 4
235 834 4
235 841 2
235 845 4
235 862 4
235 885 4
235 890 4
235 895 4
235 924 3
235 926 4
235 928 4
235 929 4
235 943 4
235 944 4
235 961 4
235 977 4
235 983 4
236 21 4
236 23 5
236 26 4
236 38 4
236 39 4
236 43 4
236 47 4
236 65 4
236 66 4
236 72 4
236 73 4
236 83 4
236 90 4
236 92 4
236 95 4
236 96 4
236 98 5
236 102 4
236 111 4
236 125 4
236 132 4
236 133 4
236 157 4
236 159 4
236 161 4
236 168 4
236 172 4
236 174 4
236 179 4
236 186 4
236 200 4
236 204 4
236 215 4
236 216 4
236 217 4
236 218 5
236 219 5
236 226 4
236 238 5
236 265 4
236 276 4
236 287 4
236 288 4
236 313 4
236 325 4
236 327 4
236 340 4
236 347 4
236 367 4
236 381 4
236 392 4
236 400 1
236 411 4
236 433 4
236 447 5
236 454 4
236 503 4
236 504 4
236 506 4
236 537 5
236 546 4
236 553 4
236 559 4
236 568 4
236 581 4
236 585 4
236 595 4
236 628 4
236 642 4
236 649 4
236 655 4
236 658 4
236 660 4
236 708 4
236 710 4
236 715 4
236 721 4
236 723 4
236 739 4
236 742 4
236 746 4
236 748 4
236 761 4
236 762 4
236 785 4
236 787 4
236 790 4
236 794 4
236 821 4
236 845 4
236 895 4
236 974 4
237 5 4
237 11 4
237 12 4
237 14 4
237 28 4
237 30 4
237 42 4
237 47 4
237 50 5
237 56 5
237 58 4
237 65 4
237 69 4
237 70 4
237 77 4
237 79 4
237 82 4
237 83 4
237 86 4
237 87 4
237 88 4
237 89 5
237 90 4
237 91 4
237 95 4
237 97 4
237 98 4
237 99 4
237 111 4
237 116 4
237 118 4
237 124 4
237 131 4
237 132 4
237 133 4
237 134 4
237 137 4
237 143 4
237 144 4
237 145 4
237 151 4
237 154 5
237 155 4
237 161 4
237 162 4
237 166 4
237 168 4
237 170 5
237 173 4
237 174 4
237 176 4
237 179 4
237 180 4
237 181 4
237 183 4
237 185 4
237 186 4
237 190 5
237 191 4
237 195 4
237 197 4
237 204 4
237 207 4
237 208 4
237 211 4
237 212 4
237 213 4
237 214 4
237 216 4
237 217 4
237 218 4
237 219 4
237 229 4
237 234 4
237 237 4
237 238 4
237 239 4
237 244 4
237 253 4
237 254 4
237 265 4
237 275 4
237 276 4
237 281 4
237 283 4
237 286 4
237 287 4
237 288 4
237 292 5
237 301 4
237 318 4
237 378 4
237 381 4
237 393 4
237 402 4
237 404 4
237 412 4
237 415 4
237 418 4
237 419 4
237 421 4
237 423 4
237 428 4
237 432 4
237 433 4
237 435 4
237 436 4
237 447 4
237 450 4
237 451 4
237 463 4
237 466 4
237 473 4
237 478 4
237 480 4
237 482 4
237 483 5
237 484 4
237 485 4
237 496 4
237 497 4
237 499 4
237 501 4
237 507 4
237 512 4
237 514 4
237 517 4
237 518 4
237 521 5
237 523 4
237 559 4
237 566 4
237 581 4
237 582 4
237 583 4
237 584 4
237 588 5
237 603 5
237 607 4
237 614 5
237 629 4
237 640 4
237 642 4
237 651 4
237 652 4
237 654 4
237 655 4
237 657 4
237 660 4
237 663 5
237 665 4
237 672 4
237 674 4
237 683 4
237 684 4
237 692 4
237 696 4
237 697 4
237 698 3
237 699 4
237 702 4
237 705 4
237 707 4
237 708 4
237 709 4
237 710 4
237 727 4
237 730 4
237 732 4
237 736 5
237 737 4
237 739 4
237 746 4
237 747 4
237 748 4
237 753 4
237 755 4
237 770 4
237 778 4
237 781 4
237 794 4
237 812 4
237 842 4
237 843 5
237 946 4
237 955 5
237 969 4
238 15 4
238 21 4
238 100 4
238 118 4
238 121 4
238 181 4
238 220 4
238 237 4
238 245 4
238 255 4
238 269 4
238 280 4
238 286 4
238 321 4
238 471 4
238 476 4
238 815 4
238 866 4
239 7 4
239 13 4
239 14 4
239 100 4
239 121 4
239 147 4
239 237 3
239 240 3
239 242 4
239 246 4
239 257 4
239 273 3
239 276 4
239 282 3
239 285 4
239 288 3
239 301 4
239 405 3
239 475 4
239 591 4
239 895 3
240 70 4
240 171 3
240 198 3
240 242 4
240 243 2
240 271 2
240 272 4
240 283 4
240 300 3
240 310 3
240 312 4
240 313 4
240 328 2
240 329 3
240 340 5
240 350 2
240 512 3
240 515 5
240 582 2
240 690 4
240 736 2
240 749 2
240 750 4
240 751 3
240 886 3
240 904 3
240 921 4
240 937 4
241 1 4
241 7 4
241 9 4
241 15 4
241 25 4
241 121 4
241 259 4
241 288 4
241 294 4
241 683 4
242 7 3
242 11 3
242 12 3
242 14 3
242 17 2
242 22 4
242 26 3
242 27 2
242 29 2
242 31 3
242 33 2
242 38 2
242 39 3
242 41 2
242 42 2
242 44 3
242 53 2
242 54 2
242 55 2
242 56 4
242 62 2
242 64 3
242 67 3
242 68 2
242 79 3
242 82 3
242 98 4
242 100 4
242 117 3
242 129 3
242 144 4
242 150 2
242 154 2
242 156 2
242 159 3
242 161 3
242 168 3
242 174 4
242 176 4
242 177 2
242 182 4
242 184 2
242 186 2
242 195 4
242 203 3
242 204 3
242 209 3
242 210 4
242 219 2
242 226 2
242 228 4
242 229 2
242 230 3
242 231 2
242 234 3
242 240 2
242 273 4
242 276 3
242 281 2
242 286 3
242 288 4
242 294 2
242 318 3
242 342 2
242 350 3
242 367 2
242 385 3
242 401 3
242 403 3
242 410 3
242 436 3
242 449 2
242 452 2
242 482 3
242 508 4
242 546 2
242 554 2
242 559 2
242 569 2
242 572 2
242 576 2
242 578 2
242 591 3
242 628 2
242 635 2
242 636 3
242 672 2
242 684 3
242 685 3
242 695 3
242 710 2
242 746 3
242 769 2
242 780 2
242 800 2
242 810 3
242 834 2
242 873 2
242 943 2
242 975 2
243 12 4
243 271 4
243 309 4
243 313 4
243 340 4
243 343 4
243 358 4
243 644 4
243 678 4
243 687 5
244 9 4
244 50 5
244 100 4
244 245 4
244 251 4
244 258 4
244 275 4
244 748 4
244 751 4
244 906 5
244 912 4
244 916 4
245 7 3
245 9 2
245 23 3
245 28 2
245 50 3
245 55 2
245 64 4
245 79 2
245 87 2
245 100 2
245 117 2
245 118 2
245 121 2
245 123 2
245 127 3
245 144 2
245 147 2
245 150 2
245 174 3
245 181 2
245 195 3
245 203 3
245 204 3
245 208 3
245 209 3
245 221 1
245 235 1
245 237 2
245 245 1
245 246 1
245 248 2
245 273 1
245 276 1
245 291 2
245 293 1
245 295 2
245 310 2
245 313 2
245 324 1
245 325 1
245 330 1
245 333 2
245 340 1
245 346 1
245 405 2
245 408 2
245 410 2
245 460 1
245 475 1
245 479 2
245 480 3
245 504 2
245 544 1
245 591 2
245 595 1
245 597 1
245 603 1
245 628 1
245 644 2
245 689 1
245 742 2
245 744 3
245 748 2
245 762 1
245 763 2
245 818 2
245 823 2
245 829 1
245 831 1
245 840 2
245 844 1
245 845 1
245 881 3
245 886 2
245 895 2
245 908 4
245 919 2
245 959 3
245 979 2
246 268 4
246 269 4
246 270 3
246 288 2
246 292 3
246 294 2
246 301 2
246 302 4
246 303 3
246 326 3
246 327 3
246 328 2
246 332 2
246 334 2
246 359 2
246 688 2
246 690 3
246 754 2
246 883 2
246 887 3
246 888 2
247 1 4
247 5 4
247 7 4
247 9 5
247 11 4
247 17 4
247 27 4
247 28 4
247 31 4
247 55 4
247 56 4
247 65 4
247 68 4
247 69 4
247 70 4
247 89 4
247 91 4
247 96 4
247 98 5
247 100 5
247 111 4
247 117 4
247 123 4
247 135 4
247 144 4
247 147 4
247 148 4
247 150 4
247 151 4
247 153 4
247 156 4
247 157 4
247 158 4
247 174 5
247 176 4
247 180 4
247 183 4
247 204 4
247 206 4
247 209 4
247 218 4
247 222 4
247 227 4
247 231 4
247 233 4
247 234 4
247 248 4
247 252 4
247 260 4
247 281 4
247 284 4
247 286 4
247 288 4
247 290 4
247 293 4
247 298 4
247 300 4
247 367 4
247 405 4
247 410 4
247 435 4
247 447 4
247 469 4
247 470 4
247 483 4
247 484 4
247 498 4
247 544 4
247 546 4
247 559 4
247 582 4
247 591 4
247 597 4
247 629 4
247 642 4
247 678 4
247 742 4
247 748 4
247 760 4
247 815 4
247 823 4
247 845 4
247 866 4
247 926 4
247 963 4
247 981 4
248 262 3
248 268 4
248 269 4
248 271 4
248 286 3
248 292 3
248 301 3
248 303 4
248 305 3
248 307 4
248 319 3
248 321 4
248 327 4
248 333 3
248 338 5
248 340 3
248 344 4
248 750 4
248 884 4
248 896 3
248 900 3
248 902 4
249 9 4
249 15 4
249 59 4
249 60 4
249 61 4
249 100 5
249 117 5
249 118 4
249 122 4
249 127 4
249 137 4
249 170 4
249 171 4
249 179 5
249 212 4
249 224 4
249 248 4
249 251 4
249 269 4
249 273 4
249 276 4
249 285 4
249 286 4
249 288 4
249 291 4
249 293 4
249 310 4
249 337 4
249 381 4
249 410 4
249 459 4
249 473 4
249 546 4
249 558 5
249 742 4
249 748 4
249 753 4
249 763 4
249 936 4
249 983 4
250 1 5
250 2 4
250 3 4
250 4 4
250 7 5
250 10 5
250 12 4
250 13 4
250 15 4
250 26 4
250 28 5
250 29 4
250 35 5
250 38 4
250 39 4
250 49 4
250 51 4
250 54 4
250 56 4
250 58 4
250 60 4
250 64 4
250 65 4
250 66 4
250 67 4
250 70 4
250 71 4
250 73 4
250 77 5
250 79 5
250 80 4
250 81 4
250 82 4
250 83 4
250 86 5
250 87 4
250 88 5
250 89 4
250 90 4
250 92 4
250 94 4
250 95 4
250 97 4
250 98 4
250 99 4
250 100 5
250 101 4
250 110 4
250 112 4
250 114 5
250 117 4
250 121 4
250 123 4
250 125 4
250 126 4
250 127 5
250 131 4
250 132 4
250 133 4
250 134 5
250 135 5
250 136 5
250 139 4
250 141 5
250 142 4
250 143 4
250 144 4
250 145 4
250 152 4
250 153 4
250 154 4
250 155 4
250 157 4
250 158 4
250 161 4
250 162 4
250 163 4
250 164 4
250 166 4
250 167 4
250 168 4
250 169 4
250 173 4
250 174 5
250 176 4
250 177 4
250 179 4
250 180 4
250 182 4
250 183 5
250 185 4
250 187 4
250 191 5
250 192 4
250 193 4
250 194 4
250 195 5
250 196 4
250 197 4
250 199 4
250 200 4
250 202 4
250 203 4
250 204 4
250 205 4
250 207 4
250 208 5
250 210 4
250 211 4
250 215 4
250 216 4
250 218 4
250 222 4
250 223 5
250 225 4
250 226 4
250 227 4
250 229 4
250 231 4
250 233 4
250 237 4
250 238 5
250 239 4
250 241 4
250 245 4
250 252 4
250 254 4
250 258 5
250 264 5
250 265 4
250 269 4
250 270 4
250 272 5
250 274 4
250 275 5
250 277 4
250 278 4
250 280 4
250 281 4
250 282 4
250 283 4
250 288 4
250 290 4
250 292 5
250 294 4
250 299 4
250 300 4
250 301 4
250 302 4
250 304 4
250 305 4
250 310 4
250 311 4
250 312 4
250 313 5
250 315 4
250 316 4
250 328 4
250 332 4
250 340 4
250 354 4
250 357 4
250 367 4
250 371 4
250 373 4
250 378 5
250 380 5
250 381 5
250 382 4
250 383 4
250 384 4
250 385 5
250 387 4
250 393 4
250 395 4
250 396 4
250 400 5
250 401 4
250 402 4
250 414 4
250 416 5
250 417 4
250 418 4
250 419 4
250 421 5
250 422 4
250 428 4
250 431 4
250 432 4
250 433 4
250 434 4
250 435 5
250 443 5
250 448 4
250 451 5
250 455 4
250 462 4
250 465 4
250 467 4
250 469 4
250 470 4
250 471 4
250 472 4
250 474 4
250 476 4
250 477 4
250 478 5
250 479 4
250 480 4
250 481 5
250 482 4
250 483 5
250 484 4
250 487 5
250 488 5
250 490 5
250 491 5
250 493 5
250 494 4
250 495 4
250 496 4
250 497 5
250 499 4
250 500 4
250 502 4
250 503 4
250 505 4
250 506 5
250 507 5
250 509 4
250 510 4
250 511 5
250 514 4
250 518 4
250 520 4
250 523 5
250 525 4
250 526 4
250 527 5
250 528 5
250 530 4
250 535 4
250 549 4
250 550 4
250 553 4
250 557 5
250 558 4
250 559 4
250 561 4
250 566 4
250 568 4
250 570 4
250 582 4
250 583 4
250 589 4
250 591 5
250 602 4
250 604 4
250 606 5
250 607 4
250 608 5
250 609 4
250 610 5
250 611 4
250 612 5
250 613 4
250 614 4
250 618 4
250 620 5
250 622 4
250 629 4
250 630 4
250 631 4
250 632 5
250 633 5
250 637 4
250 642 4
250 647 4
250 648 5
250 650 4
250 651 4
250 655 4
250 657 5
250 659 5
250 660 4
250 661 4
250 663 4
250 673 4
250 679 4
250 685 4
250 686 4
250 689 4
250 692 4
250 693 4
250 700 2
250 704 4
250 705 4
250 707 4
250 708 4
250 709 4
250 710 4
250 712 4
250 714 5
250 715 4
250 716 4
250 717 4
250 723 4
250 727 4
250 728 4
250 729 4
250 731 4
250 735 4
250 736 4
250 742 4
250 747 4
250 748 4
250 751 4
250 761 4
250 762 4
250 765 4
250 771 4
250 774 4
250 775 4
250 778 4
250 783 4
250 785 4
250 790 4
250 792 4
250 794 4
250 801 4
250 807 4
250 815 4
250 821 4
250 823 4
250 832 5
250 837 5
250 842 4
250 845 4
250 846 4
250 847 5
250 865 5
250 869 4
250 873 4
250 878 4
250 900 4
250 902 4
250 904 4
250 905 4
250 908 4
250 921 5
250 923 5
250 926 4
250 928 4
250 934 4
250 936 5
250 939 4
250 940 4
250 942 4
250 951 4
250 956 4
250 965 4
250 966 4
250 967 4
250 969 4
251 242 3
251 243 2
251 259 2
251 260 2
251 262 3
251 268 3
251 269 2
251 270 3
251 286 2
251 288 2
251 289 2
251 292 2
251 294 4
251 299 2
251 300 3
251 301 3
251 303 2
251 305 2
251 307 4
251 308 3
251 319 3
251 322 2
251 323 2
251 325 3
251 327 3
251 328 3
251 329 3
251 330 2
251 331 3
251 332 2
251 333 2
251 336 4
251 337 2
251 359 2
251 360 3
251 457 2
251 680 2
251 681 2
251 682 3
251 687 2
251 749 2
251 872 2
251 874 2
251 875 2
251 877 2
251 879 2
251 880 2
251 881 2
251 882 2
251 883 2
251 884 3
251 937 2
251 938 2
251 984 2
251 989 3
251 991 2
251 995 2
252 7 4
252 8 4
252 14 4
252 22 5
252 25 4
252 27 4
252 45 4
252 48 4
252 52 4
252 58 4
252 60 4
252 61 4
252 62 4
252 64 4
252 66 4
252 69 5
252 70 4
252 73 4
252 86 4
252 88 5
252 89 4
252 96 4
252 97 5
252 99 4
252 111 4
252 121 4
252 124 4
252 127 4
252 132 4
252 134 5
252 135 4
252 136 4
252 143 4
252 152 4
252 154 4
252 156 4
252 161 5
252 162 4
252 163 4
252 168 4
252 170 4
252 171 5
252 173 4
252 174 5
252 180 4
252 181 4
252 183 4
252 185 4
252 186 4
252 187 4
252 188 4
252 191 4
252 194 4
252 195 4
252 197 4
252 201 4
252 202 4
252 203 4
252 204 4
252 207 5
252 212 5
252 216 4
252 234 5
252 237 4
252 243 4
252 245 4
252 259 4
252 269 4
252 276 4
252 286 4
252 294 4
252 318 4
252 371 4
252 384 4
252 404 4
252 418 4
252 419 4
252 420 4
252 423 5
252 427 4
252 430 4
252 432 4
252 435 5
252 443 4
252 455 4
252 458 5
252 461 4
252 462 4
252 465 4
252 467 4
252 472 4
252 479 4
252 482 4
252 483 4
252 485 4
252 488 4
252 491 4
252 492 4
252 494 4
252 495 4
252 496 4
252 498 4
252 502 4
252 506 4
252 510 4
252 513 4
252 517 4
252 518 4
252 521 4
252 523 4
252 526 4
252 530 4
252 531 4
252 554 4
252 576 4
252 588 5
252 597 4
252 603 4
252 609 4
252 614 4
252 615 4
252 624 5
252 631 4
252 636 4
252 641 4
252 648 4
252 654 4
252 659 4
252 660 4
252 684 4
252 729 4
252 736 4
252 780 4
252 781 4
252 792 4
252 805 4
252 815 4
252 863 5
252 874 4
252 924 4
252 947 3
252 969 4
252 971 4
253 3 4
253 4 4
253 7 4
253 9 4
253 11 4
253 12 5
253 17 4
253 22 4
253 24 4
253 33 4
253 42 4
253 48 4
253 49 4
253 50 5
253 53 4
253 59 4
253 68 4
253 69 4
253 73 4
253 79 4
253 80 4
253 93 4
253 94 4
253 97 4
253 98 4
253 100 4
253 117 4
253 122 4
253 125 4
253 132 4
253 143 4
253 154 4
253 156 4
253 157 4
253 158 4
253 164 4
253 168 4
253 172 4
253 174 4
253 181 4
253 186 4
253 188 4
253 196 4
253 204 4
253 210 4
253 231 4
253 233 4
253 238 4
253 239 4
253 246 4
253 248 4
253 254 4
253 258 4
253 268 4
253 276 4
253 288 4
253 298 4
253 318 4
253 354 4
253 356 4
253 357 4
253 364 4
253 367 4
253 369 5
253 384 4
253 385 4
253 393 4
253 401 4
253 402 4
253 410 4
253 412 4
253 416 4
253 421 4
253 423 4
253 424 5
253 427 4
253 456 4
253 471 4
253 475 4
253 476 4
253 496 4
253 508 4
253 509 4
253 515 4
253 550 4
253 552 4
253 566 4
253 568 4
253 578 4
253 586 4
253 591 4
253 628 4
253 651 4
253 655 4
253 684 4
253 693 4
253 697 4
253 717 4
253 721 4
253 742 4
253 871 4
253 959 4
253 963 4
253 975 4
254 1 2
254 11 3
254 12 4
254 15 3
254 22 3
254 28 3
254 50 3
254 51 3
254 55 3
254 56 2
254 58 3
254 66 2
254 69 3
254 70 2
254 73 2
254 76 2
254 77 3
254 79 2
254 82 2
254 87 3
254 88 3
254 89 2
254 96 2
254 97 3
254 98 3
254 99 3
254 100 3
254 107 2
254 114 4
254 117 2
254 118 2
254 121 2
254 124 3
254 131 3
254 133 3
254 134 3
254 136 3
254 143 2
254 144 3
254 153 3
254 161 3
254 162 3
254 164 3
254 169 3
254 172 2
254 173 4
254 174 3
254 181 2
254 182 4
254 185 3
254 191 3
254 195 2
254 196 3
254 197 2
254 199 3
254 202 2
254 203 2
254 204 3
254 210 2
254 211 2
254 215 3
254 222 2
254 228 3
254 234 3
254 237 2
254 245 2
254 248 3
254 250 2
254 255 2
254 257 3
254 258 2
254 259 2
254 260 2
254 270 3
254 272 3
254 277 3
254 279 2
254 286 2
254 289 2
254 293 2
254 300 3
254 310 2
254 315 3
254 316 3
254 317 3
254 318 3
254 322 2
254 323 2
254 326 2
254 356 2
254 357 4
254 378 3
254 385 3
254 392 2
254 414 3
254 418 3
254 419 3
254 423 2
254 427 3
254 431 2
254 434 3
254 435 3
254 451 3
254 465 2
254 468 2
254 474 4
254 478 4
254 479 3
254 482 3
254 483 3
254 484 3
254 485 3
254 487 3
254 490 4
254 492 3
254 493 3
254 496 3
254 497 2
254 507 2
254 509 2
254 519 3
254 520 2
254 526 2
254 528 3
254 531 3
254 566 2
254 568 3
254 603 4
254 605 2
254 607 2
254 610 2
254 612 2
254 614 2
254 627 2
254 631 2
254 633 3
254 642 2
254 649 3
254 651 4
254 654 3
254 655 3
254 657 3
254 659 3
254 660 2
254 661 3
254 678 2
254 685 2
254 686 3
254 692 3
254 693 2
254 694 3
254 705 3
254 707 3
254 724 3
254 735 3
254 736 3
254 740 2
254 742 3
254 746 2
254 836 2
254 837 3
254 842 2
254 873 2
254 875 2
254 879 2
254 939 2
254 945 3
254 956 3
254 968 3
255 1 4
255 2 4
255 4 4
255 7 4
255 8 4
255 9 4
255 12 4
255 14 4
255 17 4
255 20 4
255 24 4
255 25 4
255 31 5
255 39 4
255 40 4
255 42 4
255 44 4
255 47 4
255 53 4
255 56 4
255 57 4
255 58 4
255 64 5
255 69 4
255 70 4
255 71 5
255 87 5
255 95 4
255 96 4
255 97 4
255 98 4
255 100 5
255 118 4
255 123 4
255 125 4
255 126 4
255 127 5
255 135 4
255 148 4
255 161 4
255 170 4
255 174 4
255 176 4
255 191 4
255 196 4
255 197 4
255 204 4
255 214 4
255 217 4
255 222 4
255 223 4
255 228 4
255 234 4
255 237 5
255 241 5
255 245 4
255 252 4
255 255 4
255 257 4
255 265 4
255 270 4
255 275 4
255 276 4
255 277 4
255 279 4
255 281 4
255 282 5
255 288 4
255 289 4
255 291 4
255 292 4
255 293 4
255 300 4
255 301 4
255 304 4
255 307 4
255 313 5
255 317 4
255 318 4
255 321 4
255 323 4
255 334 5
255 343 4
255 380 4
255 382 4
255 393 4
255 402 4
255 405 4
255 423 4
255 428 4
255 447 4
255 455 4
255 462 4
255 465 4
255 471 4
255 475 4
255 504 4
255 508 4
255 511 4
255 515 5
255 518 4
255 529 4
255 531 5
255 582 4
255 584 4
255 591 4
255 597 4
255 627 4
255 628 4
255 629 4
255 647 4
255 660 4
255 678 4
255 692 4
255 694 4
255 709 4
255 724 4
255 727 4
255 738 4
255 747 4
255 755 4
255 778 4
255 898 4
255 934 4
255 939 4
256 1 4
256 3 4
256 4 4
256 9 4
256 12 4
256 13 4
256 22 5
256 23 4
256 32 4
256 42 4
256 46 4
256 50 4
256 53 4
256 54 4
256 57 5
256 60 4
256 61 4
256 68 4
256 69 4
256 71 4
256 79 4
256 80 4
256 86 4
256 91 4
256 92 4
256 95 4
256 97 4
256 100 5
256 101 4
256 111 4
256 121 4
256 125 4
256 127 4
256 133 4
256 135 4
256 143 4
256 161 4
256 168 4
256 170 4
256 172 4
256 174 4
256 175 4
256 177 4
256 179 4
256 181 4
256 182 4
256 185 4
256 186 4
256 187 4
256 188 4
256 194 4
256 196 4
256 197 4
256 200 4
256 202 4
256 210 4
256 211 4
256 218 4
256 222 4
256 226 4
256 228 4
256 231 4
256 232 4
256 234 4
256 238 4
256 268 4
256 273 4
256 274 4
256 282 4
256 286 4
256 294 4
256 325 4
256 346 4
256 357 4
256 366 4
256 369 4
256 380 4
256 403 4
256 410 4
256 414 4
256 419 4
256 421 4
256 423 4
256 427 5
256 431 4
256 432 4
256 433 4
256 443 4
256 448 4
256 449 4
256 452 4
256 460 4
256 461 4
256 462 4
256 474 4
256 475 4
256 479 4
256 484 4
256 490 4
256 498 4
256 505 4
256 506 4
256 508 4
256 523 4
256 546 4
256 559 4
256 568 4
256 578 4
256 581 4
256 582 4
256 603 4
256 608 4
256 616 4
256 640 4
256 655 4
256 658 4
256 660 4
256 662 4
256 672 4
256 673 4
256 693 4
256 696 4
256 708 4
256 710 4
256 715 4
256 720 4
256 721 4
256 737 4
256 743 4
256 763 4
256 789 4
256 806 4
256 818 4
256 845 4
256 864 4
256 919 4
256 922 5
256 933 4
256 943 5
256 955 4
256 959 4
256 963 4
256 979 4
256 985 5
257 4 4
257 7 4
257 8 4
257 9 4
257 11 4
257 12 5
257 14 5
257 15 4
257 20 4
257 27 4
257 31 4
257 38 4
257 44 4
257 45 4
257 48 4
257 50 5
257 51 4
257 52 5
257 53 4
257 54 4
257 56 4
257 57 5
257 58 4
257 59 4
257 62 4
257 64 4
257 65 4
257 66 4
257 70 4
257 77 4
257 79 4
257 82 4
257 83 4
257 86 5
257 89 4
257 91 4
257 94 5
257 96 4
257 97 4
257 100 5
257 105 4
257 114 5
257 117 5
257 118 4
257 122 4
257 127 5
257 132 5
257 134 5
257 137 4
257 143 4
257 144 4
257 148 4
257 151 4
257 155 4
257 156 4
257 157 4
257 161 4
257 162 4
257 164 4
257 168 4
257 172 5
257 173 4
257 174 4
257 176 4
257 180 4
257 181 5
257 182 4
257 183 4
257 185 4
257 186 4
257 190 5
257 191 5
257 192 4
257 193 4
257 194 4
257 195 4
257 196 4
257 197 4
257 200 4
257 203 4
257 204 5
257 209 4
257 214 4
257 215 4
257 216 4
257 218 4
257 219 4
257 226 4
257 229 4
257 230 4
257 231 4
257 232 4
257 234 4
257 235 4
257 237 4
257 239 5
257 240 4
257 241 4
257 243 4
257 248 5
257 257 4
257 258 4
257 265 4
257 282 4
257 285 5
257 288 5
257 304 4
257 318 4
257 357 4
257 366 5
257 370 4
257 372 4
257 373 4
257 378 4
257 380 4
257 385 4
257 393 5
257 395 4
257 401 4
257 402 5
257 403 4
257 405 4
257 410 4
257 411 4
257 412 4
257 417 4
257 425 4
257 428 4
257 436 4
257 443 4
257 448 4
257 450 4
257 452 4
257 453 4
257 455 4
257 456 4
257 458 4
257 462 4
257 469 4
257 470 4
257 471 4
257 472 4
257 473 4
257 474 5
257 476 4
257 483 5
257 500 4
257 507 5
257 509 4
257 527 4
257 529 5
257 531 5
257 540 4
257 546 4
257 549 4
257 553 4
257 559 4
257 566 4
257 568 4
257 582 4
257 584 4
257 588 4
257 597 4
257 623 4
257 628 4
257 629 4
257 631 4
257 632 5
257 636 4
257 640 4
257 651 4
257 655 4
257 658 4
257 664 4
257 673 4
257 679 4
257 692 4
257 699 4
257 704 4
257 708 4
257 709 4
257 717 4
257 720 4
257 722 5
257 727 5
257 729 4
257 732 5
257 739 4
257 742 4
257 744 4
257 747 4
257 755 4
257 756 4
257 758 4
257 769 5
257 770 4
257 775 4
257 783 4
257 792 4
257 819 4
257 825 4
257 841 4
257 845 5
257 871 4
257 931 4
257 934 4
257 948 4
257 949 4
257 959 4
257 980 4
258 8 4
258 9 4
258 12 4
258 13 4
258 14 4
258 20 4
258 23 5
258 25 4
258 28 5
258 32 4
258 48 4
258 50 5
258 57 4
258 58 4
258 86 4
258 96 5
258 98 4
258 117 4
258 121 4
258 124 5
258 126 4
258 127 5
258 129 4
258 134 4
258 143 5
258 144 4
258 147 4
258 152 4
258 169 4
258 174 5
258 178 5
258 179 4
258 180 4
258 181 4
258 182 5
258 183 5
258 189 4
258 190 4
258 191 4
258 192 4
258 193 4
258 195 5
258 203 4
258 208 4
258 209 5
258 234 4
258 237 5
258 238 5
258 245 4
258 250 4
258 255 4
258 273 4
258 278 4
258 282 4
258 283 4
258 284 4
258 285 4
258 286 4
258 287 4
258 288 4
258 293 4
258 298 4
258 301 4
258 304 4
258 307 4
258 317 4
258 318 5
258 319 4
258 321 4
258 330 4
258 333 4
258 346 4
258 357 4
258 387 4
258 405 4
258 408 4
258 410 4
258 423 4
258 425 4
258 427 5
258 430 4
258 467 4
258 469 4
258 473 4
258 474 5
258 496 4
258 509 4
258 514 4
258 517 4
258 521 4
258 526 4
258 529 5
258 530 4
258 546 4
258 582 4
258 588 4
258 589 4
258 591 4
258 597 4
258 603 4
258 632 4
258 644 4
258 648 4
258 651 4
258 654 4
258 663 4
258 685 4
258 694 4
258 696 4
258 704 4
258 709 5
258 717 4
258 736 4
258 742 4
258 750 4
258 753 4
258 792 4
258 844 4
258 847 4
258 896 5
258 925 4
258 939 4
258 952 4
258 956 4
258 980 4
259 1 4
259 3 3
259 7 4
259 8 4
259 15 3
259 16 4
259 19 3
259 22 4
259 25 3
259 100 5
259 108 4
259 111 4
259 117 4
259 120 3
259 121 4
259 123 3
259 134 5
259 147 3
259 148 4
259 164 4
259 172 4
259 174 4
259 181 4
259 194 5
259 216 4
259 220 3
259 222 3
259 225 3
259 230 4
259 245 4
259 249 3
259 250 4
259 255 4
259 258 5
259 264 4
259 278 3
259 282 4
259 286 3
259 289 3
259 291 3
259 295 3
259 300 4
259 301 3
259 322 3
259 323 4
259 328 3
259 332 3
259 333 4
259 336 3
259 357 3
259 358 3
259 411 3
259 472 4
259 473 3
259 523 4
259 546 3
259 568 4
259 596 3
259 597 3
259 651 5
259 676 3
259 678 4
259 685 3
259 687 3
259 742 3
259 748 3
259 815 3
259 825 3
259 827 3
259 832 3
259 846 3
259 864 3
259 866 3
259 873 3
259 879 4
259 934 3
259 969 4
259 978 3
259 989 3
260 1 4
260 7 4
260 10 4
260 14 4
260 20 4
260 117 4
260 127 4
260 129 4
260 146 4
260 221 4
260 224 4
260 242 4
260 248 4
260 250 4
260 253 4
260 257 4
260 258 4
260 273 4
260 275 4
260 276 4
260 279 4
260 286 4
260 289 4
260 294 4
260 297 4
260 301 4
260 302 4
260 303 4
260 307 4
260 311 4
260 322 4
260 327 4
260 458 4
260 515 4
260 532 4
260 591 4
260 676 4
260 713 4
260 744 4
261 121 3
261 158 3
261 242 4
261 255 3
261 269 3
261 285 4
261 302 3
261 304 3
261 319 4
261 347 3
261 682 3
262 11 5
262 22 4
262 100 5
262 136 5
262 237 4
262 259 4
262 271 4
262 288 4
262 289 4
262 292 5
262 300 4
262 313 4
262 321 4
262 332 4
262 358 4
262 678 4
262 682 4
262 866 5
262 895 4
263 3 2
263 7 3
263 10 3
263 14 4
263 15 3
263 20 3
263 24 3
263 50 4
263 93 2
263 100 3
263 103 2
263 107 5
263 112 2
263 116 2
263 117 3
263 121 4
263 124 4
263 126 3
263 127 3
263 137 2
263 147 2
263 149 2
263 150 2
263 151 3
263 221 3
263 224 3
263 225 2
263 235 2
263 242 3
263 243 2
263 244 3
263 248 4
263 249 4
263 250 3
263 253 4
263 257 2
263 258 3
263 268 2
263 270 3
263 274 3
263 282 2
263 283 3
263 284 3
263 285 3
263 288 3
263 301 2
263 304 2
263 306 2
263 311 2
263 319 2
263 347 2
263 362 2
263 455 2
263 472 2
263 473 2
263 475 3
263 477 2
263 508 2
263 544 2
263 593 5
263 596 2
263 597 2
263 689 2
263 741 2
263 744 3
263 751 2
263 819 4
263 845 3
263 864 2
263 870 3
263 880 2
263 887 2
263 926 2
263 930 2
263 950 2
263 952 2
263 988 2
263 993 2
264 16 4
264 116 4
264 176 5
264 181 5
264 194 4
264 248 4
264 258 5
264 260 4
264 269 4
264 286 4
264 289 4
264 293 4
264 298 4
264 300 4
264 301 4
264 321 4
264 322 4
264 328 4
264 333 4
264 358 4
264 482 4
264 603 4
264 678 4
264 705 4
264 709 4
264 748 4
264 879 4
265 1 4
265 7 4
265 8 4
265 12 4
265 22 4
265 28 4
265 32 4
265 56 4
265 64 4
265 87 4
265 97 4
265 100 4
265 109 4
265 114 4
265 132 4
265 134 4
265 136 4
265 143 4
265 154 4
265 169 4
265 172 4
265 174 4
265 175 4
265 179 4
265 180 4
265 181 4
265 190 4
265 191 4
265 194 4
265 198 4
265 199 4
265 202 4
265 257 4
265 258 4
265 283 4
265 286 4
265 300 4
265 318 4
265 319 4
265 395 4
265 404 4
265 423 4
265 428 4
265 474 4
265 475 4
265 478 4
265 481 4
265 496 4
265 529 4
265 584 4
265 588 4
265 603 4
265 615 4
265 638 4
265 651 4
265 656 4
265 705 4
265 855 4
266 2 4
266 11 4
266 22 4
266 24 4
266 27 4
266 50 5
266 55 4
266 56 4
266 62 4
266 79 4
266 87 5
266 89 5
266 95 4
266 96 5
266 98 5
266 117 4
266 127 5
266 128 4
266 144 4
266 174 5
266 181 4
266 182 5
266 183 5
266 184 4
266 187 5
266 188 5
266 210 5
266 231 4
266 232 4
266 258 4
266 265 4
266 268 4
266 269 4
266 273 4
266 288 4
266 292 4
266 294 4
266 302 4
266 306 4
266 308 4
266 313 4
266 315 4
266 321 4
266 324 4
266 326 4
266 327 4
266 328 4
266 331 4
266 333 4
266 334 4
266 346 4
266 349 4
266 350 4
266 354 4
266 357 5
266 385 5
266 405 4
266 455 5
266 518 4
266 546 4
266 550 5
266 566 4
266 568 4
266 651 4
266 682 4
266 748 4
266 873 5
266 882 3
266 885 5
266 898 4
266 902 4
266 908 4
266 995 4
267 7 4
267 10 4
267 24 4
267 50 4
267 93 5
267 100 4
267 108 4
267 109 4
267 150 4
267 240 4
267 246 4
267 248 4
267 249 4
267 264 4
267 268 4
267 269 4
267 273 4
267 276 4
267 298 4
267 327 4
267 340 4
267 455 4
267 475 4
267 742 4
267 762 4
267 919 5
268 1 3
268 4 3
268 7 3
268 8 4
268 13 3
268 15 3
268 19 3
268 22 3
268 23 3
268 25 3
268 31 3
268 39 3
268 42 3
268 47 3
268 51 3
268 56 4
268 58 3
268 69 3
268 70 3
268 71 3
268 95 4
268 96 3
268 97 4
268 98 4
268 100 4
268 111 3
268 116 3
268 118 3
268 121 3
268 126 3
268 132 4
268 137 3
268 144 3
268 150 3
268 153 5
268 157 4
268 159 3
268 160 3
268 170 4
268 172 4
268 173 5
268 178 4
268 180 4
268 181 3
268 182 4
268 191 4
268 192 4
268 195 4
268 200 4
268 209 3
268 214 3
268 216 4
268 222 4
268 238 4
268 246 3
268 251 3
268 257 3
268 258 3
268 273 3
268 283 3
268 285 3
268 293 3
268 294 3
268 297 3
268 318 4
268 321 3
268 357 3
268 367 3
268 377 3
268 405 3
268 411 3
268 423 3
268 427 4
268 428 4
268 435 3
268 462 3
268 469 4
268 471 3
268 475 3
268 498 4
268 507 3
268 529 3
268 544 3
268 582 3
268 603 3
268 612 4
268 642 3
268 655 4
268 662 3
268 692 3
268 699 3
268 724 3
268 742 3
268 826 3
268 856 4
268 926 3
268 952 3
269 64 5
269 65 5
269 127 5
269 134 5
269 136 5
269 153 5
269 194 5
269 199 5
269 215 5
269 286 5
269 306 5
269 483 5
269 484 5
269 490 5
269 495 5
269 507 5
269 511 5
269 520 5
269 530 5
269 582 5
269 605 5
269 610 5
269 611 5
269 641 5
269 654 5
269 656 5
269 705 5
269 855 5
269 923 5
270 1 3
270 7 3
270 9 3
270 13 3
270 19 3
270 50 3
270 93 3
270 100 3
270 118 3
270 125 3
270 150 3
270 181 3
270 221 3
270 235 3
270 248 3
270 257 3
270 258 3
270 276 3
270 283 3
270 284 3
270 285 3
270 286 3
270 293 3
270 294 3
270 295 3
270 360 3
270 458 3
270 471 3
270 475 3
270 508 3
270 544 3
270 546 3
270 813 3
270 824 3
270 919 3
270 950 3
270 952 3
271 1 4
271 8 4
271 50 4
271 94 3
271 95 3
271 99 3
271 140 3
271 225 4
271 404 3
271 418 3
271 477 4
271 501 3
271 596 4
271 768 3
271 878 3
271 932 3
271 969 4
272 1 4
272 2 4
272 3 4
272 4 5
272 7 4
272 11 5
272 12 4
272 21 5
272 24 4
272 27 5
272 28 4
272 29 4
272 33 5
272 38 4
272 41 4
272 43 5
272 49 4
272 51 4
272 56 5
272 63 4
272 64 5
272 66 5
272 68 5
272 69 4
272 71 5
272 72 5
272 73 5
272 78 5
272 79 5
272 80 4
272 82 4
272 88 5
272 90 4
272 94 5
272 97 4
272 99 5
272 101 5
272 109 5
272 117 5
272 118 4
272 120 4
272 121 4
272 122 4
272 123 4
272 132 5
272 135 5
272 141 4
272 151 4
272 161 5
272 168 5
272 172 5
272 173 5
272 174 5
272 175 5
272 177 5
272 181 5
272 183 5
272 185 5
272 186 5
272 193 4
272 195 5
272 196 5
272 204 4
272 210 5
272 215 5
272 217 4
272 218 5
272 226 4
272 228 5
272 229 4
272 232 5
272 233 5
272 234 4
272 239 5
272 240 4
272 250 4
272 254 4
272 255 4
272 258 4
272 260 4
272 271 4
272 288 4
272 313 5
272 318 5
272 323 4
272 343 5
272 355 4
272 358 4
272 362 3
272 365 3
272 368 5
272 370 4
272 373 3
272 374 4
272 375 2
272 378 4
272 380 4
272 384 4
272 386 5
272 391 5
272 392 4
272 393 5
272 395 2
272 400 1
272 401 4
272 404 5
272 411 4
272 416 5
272 417 4
272 418 4
272 431 5
272 443 5
272 449 4
272 465 4
272 473 4
272 475 5
272 477 4
272 485 4
272 496 5
272 501 5
272 541 4
272 546 4
272 548 5
272 550 5
272 552 5
272 559 4
272 561 4
272 562 4
272 567 4
272 568 4
272 569 4
272 576 4
272 577 5
272 578 5
272 584 4
272 588 4
272 597 4
272 609 4
272 625 4
272 633 4
272 655 5
272 665 5
272 672 4
272 685 4
272 689 4
272 715 5
272 720 4
272 739 4
272 742 4
272 743 4
272 746 5
272 747 5
272 751 4
272 755 4
272 756 4
272 758 4
272 760 4
272 763 5
272 768 5
272 771 4
272 780 5
272 790 4
272 796 4
272 810 3
272 826 4
272 834 4
272 877 4
272 890 4
272 895 4
272 924 4
272 928 4
272 930 4
272 931 4
272 940 4
272 946 4
272 951 3
272 977 4
273 7 4
273 9 4
273 10 4
273 14 4
273 25 4
273 116 4
273 124 4
273 129 4
273 137 4
273 242 4
273 257 4
273 275 4
273 276 4
273 293 4
273 302 5
273 303 4
273 319 4
273 327 4
273 547 4
273 813 4
274 7 4
274 8 4
274 11 4
274 12 4
274 13 4
274 14 4
274 15 4
274 22 4
274 23 4
274 26 4
274 42 4
274 44 4
274 45 4
274 48 4
274 50 5
274 52 4
274 58 4
274 60 4
274 61 4
274 64 4
274 66 4
274 68 4
274 69 4
274 70 4
274 71 4
274 72 4
274 73 4
274 76 4
274 77 4
274 79 4
274 83 4
274 86 4
274 87 4
274 88 4
274 89 4
274 92 4
274 97 4
274 98 4
274 99 4
274 100 4
274 107 4
274 116 4
274 117 4
274 121 4
274 131 4
274 132 4
274 134 4
274 135 4
274 136 4
274 141 4
274 150 4
274 161 4
274 168 4
274 170 4
274 171 4
274 172 4
274 173 4
274 175 4
274 176 4
274 178 4
274 179 4
274 180 4
274 181 4
274 182 4
274 183 4
274 191 4
274 192 5
274 193 4
274 194 4
274 195 4
274 196 4
274 198 4
274 203 4
274 205 4
274 207 4
274 208 4
274 210 4
274 211 4
274 212 4
274 215 4
274 216 4
274 218 4
274 221 4
274 227 4
274 230 4
274 234 4
274 237 4
274 238 4
274 244 4
274 248 4
274 252 4
274 257 4
274 258 4
274 265 4
274 274 4
274 275 4
274 276 4
274 282 4
274 283 4
274 285 4
274 288 4
274 289 4
274 291 4
274 293 4
274 298 4
274 302 4
274 313 4
274 315 4
274 316 4
274 317 4
274 322 4
274 326 4
274 346 4
274 356 4
274 380 5
274 382 4
274 385 4
274 410 4
274 414 4
274 416 4
274 418 4
274 419 4
274 430 5
274 434 4
274 435 4
274 436 4
274 461 4
274 462 4
274 463 4
274 470 4
274 474 4
274 475 4
274 478 5
274 480 4
274 481 4
274 483 5
274 484 4
274 486 4
274 488 5
274 489 4
274 490 4
274 491 4
274 493 4
274 495 4
274 496 4
274 497 4
274 498 5
274 499 4
274 503 4
274 506 4
274 507 4
274 508 4
274 511 4
274 513 4
274 514 4
274 517 4
274 518 4
274 519 4
274 520 4
274 521 4
274 525 5
274 526 4
274 527 4
274 528 4
274 529 4
274 530 4
274 553 4
274 566 4
274 584 4
274 591 4
274 601 5
274 602 4
274 603 4
274 604 5
274 605 4
274 607 5
274 610 4
274 614 4
274 615 4
274 618 4
274 628 4
274 633 4
274 641 5
274 642 4
274 646 4
274 648 4
274 649 5
274 651 4
274 653 5
274 657 4
274 659 4
274 660 4
274 661 4
274 664 4
274 676 4
274 684 4
274 685 4
274 692 4
274 696 4
274 697 4
274 699 4
274 705 4
274 707 4
274 708 4
274 709 4
274 735 4
274 736 4
274 744 4
274 756 4
274 789 4
274 792 4
274 836 4
274 848 4
274 921 4
274 923 4
274 939 4
274 943 5
274 945 4
274 963 4
274 966 5
274 971 4
274 996 4
275 70 4
275 100 5
275 127 5
275 259 4
275 286 4
275 313 4
275 381 5
276 4 4
276 26 3
276 33 3
276 56 3
276 63 3
276 67 3
276 72 3
276 73 3
276 80 3
276 83 3
276 88 3
276 168 3
276 173 3
276 175 3
276 186 3
276 202 3
276 204 3
276 209 4
276 211 3
276 216 3
276 232 3
276 238 3
276 239 3
276 288 3
276 294 3
276 300 3
276 328 3
276 343 3
276 367 3
276 386 3
276 435 3
276 579 3
276 648 4
276 655 3
276 692 3
276 710 3
276 712 3
276 715 3
276 734 3
276 738 3
276 748 3
276 765 3
276 781 3
276 790 3
276 792 3
276 890 3
276 944 3
276 999 3
277 20 4
277 25 4
277 36 4
277 49 4
277 88 4
277 90 4
277 237 4
277 255 4
277 282 4
277 289 4
277 294 4
277 369 4
277 553 4
277 709 4
277 722 4
277 731 4
277 732 4
277 756 4
277 781 4
277 846 4
278 1 5
278 7 4
278 17 4
278 23 5
278 26 5
278 28 4
278 40 4
278 42 4
278 48 4
278 50 4
278 65 4
278 69 4
278 72 4
278 77 4
278 79 4
278 81 4
278 93 4
278 98 5
278 111 4
278 122 4
278 134 5
278 143 4
278 145 4
278 151 4
278 160 4
278 161 4
278 188 4
278 196 4
278 216 4
278 218 4
278 219 4
278 222 4
278 231 4
278 237 4
278 238 4
278 255 4
278 276 4
278 282 4
278 288 4
278 300 4
278 318 5
278 327 4
278 340 4
278 350 4
278 354 4
278 357 4
278 367 4
278 369 4
278 381 4
278 392 4
278 403 4
278 410 4
278 412 4
278 427 4
278 447 4
278 451 4
278 467 4
278 469 5
278 518 4
278 568 4
278 591 4
278 604 4
278 616 4
278 655 4
278 658 5
278 673 4
278 684 5
278 743 4
278 763 4
278 843 4
278 866 4
278 959 4
278 975 4
279 1 4
279 8 4
279 24 4
279 28 4
279 31 4
279 50 5
279 54 4
279 55 4
279 58 4
279 66 4
279 70 4
279 71 4
279 79 4
279 82 4
279 88 4
279 89 4
279 95 4
279 96 4
279 97 4
279 100 4
279 101 4
279 108 4
279 111 4
279 117 4
279 118 4
279 121 4
279 122 4
279 127 5
279 133 4
279 135 4
279 144 4
279 147 4
279 148 4
279 153 4
279 161 4
279 164 4
279 168 4
279 172 4
279 173 4
279 174 4
279 175 4
279 176 4
279 177 4
279 179 4
279 180 4
279 181 5
279 182 4
279 183 4
279 185 4
279 187 4
279 188 4
279 189 4
279 190 4
279 195 4
279 197 4
279 198 4
279 201 4
279 204 4
279 209 4
279 210 4
279 211 4
279 213 4
279 215 4
279 216 4
279 228 4
279 230 4
279 241 4
279 248 4
279 249 4
279 255 4
279 257 5
279 258 4
279 261 4
279 264 4
279 265 4
279 266 4
279 270 4
279 272 4
279 274 4
279 281 4
279 282 4
279 286 4
279 288 4
279 294 4
279 295 4
279 298 4
279 300 4
279 304 4
279 325 4
279 328 4
279 356 4
279 358 4
279 380 4
279 385 4
279 398 2
279 405 4
279 421 4
279 422 4
279 423 4
279 436 4
279 455 4
279 463 4
279 472 4
279 479 5
279 483 4
279 489 4
279 510 4
279 511 4
279 523 4
279 526 4
279 528 4
279 535 4
279 546 4
279 566 4
279 588 4
279 602 4
279 604 4
279 616 4
279 629 4
279 632 4
279 640 4
279 651 4
279 655 4
279 680 4
279 688 4
279 692 4
279 727 4
279 732 4
279 739 4
279 748 4
279 751 4
279 752 4
279 840 4
279 879 4
279 931 4
279 945 4
280 8 4
280 12 3
280 64 4
280 89 4
280 96 3
280 100 4
280 114 3
280 127 4
280 165 3
280 172 3
280 174 3
280 175 3
280 183 3
280 190 3
280 191 3
280 213 4
280 234 3
280 237 4
280 257 3
280 258 3
280 265 3
280 272 4
280 298 3
280 347 3
280 462 3
280 479 3
280 483 4
280 504 4
280 510 4
280 511 4
280 517 3
280 603 3
280 615 3
280 642 3
280 661 3
280 705 3
280 863 3
281 4 4
281 42 4
281 50 4
281 66 4
281 70 5
281 86 5
281 100 4
281 153 5
281 163 4
281 173 5
281 190 4
281 197 5
281 204 5
281 207 5
281 210 4
281 216 4
281 283 4
281 313 4
281 318 4
281 322 4
281 367 5
281 427 5
281 430 5
281 479 5
281 484 4
281 505 5
281 507 4
281 524 5
281 648 4
281 650 5
281 659 5
281 678 4
281 692 4
281 780 4
282 127 4
282 257 4
282 269 4
282 288 4
282 295 4
282 298 4
282 311 5
282 315 5
282 346 4
282 876 4
282 881 4
282 988 4
283 1 3
283 12 3
283 20 3
283 99 3
283 107 3
283 109 3
283 116 4
283 121 3
283 151 3
283 180 3
283 195 3
283 197 4
283 199 3
283 229 3
283 230 3
283 250 3
283 257 3
283 270 3
283 271 3
283 274 3
283 275 3
283 277 4
283 286 3
283 290 3
283 313 3
283 318 3
283 365 3
283 380 4
283 405 3
283 449 3
283 450 3
283 462 4
283 480 3
283 538 3
283 582 3
283 612 3
283 743 3
283 900 3
284 1 4
284 7 4
284 9 5
284 15 4
284 24 5
284 25 4
284 28 4
284 29 4
284 50 4
284 51 4
284 53 4
284 56 4
284 69 5
284 70 4
284 71 4
284 73 4
284 79 4
284 82 4
284 94 4
284 96 4
284 97 4
284 98 4
284 111 4
284 122 4
284 135 4
284 136 5
284 141 4
284 143 4
284 144 4
284 150 4
284 151 4
284 168 5
284 173 4
284 174 5
284 181 4
284 195 4
284 202 4
284 204 4
284 216 4
284 222 4
284 227 4
284 229 4
284 234 4
284 235 4
284 237 4
284 248 4
284 250 4
284 252 5
284 255 4
284 257 4
284 258 4
284 274 4
284 275 4
284 293 5
284 294 4
284 300 4
284 313 5
284 315 4
284 318 5
284 343 4
284 385 4
284 392 4
284 399 5
284 405 4
284 419 4
284 422 4
284 427 4
284 431 4
284 449 4
284 451 5
284 463 4
284 472 4
284 510 4
284 550 4
284 554 4
284 560 5
284 562 4
284 568 4
284 578 4
284 588 4
284 597 4
284 625 4
284 651 4
284 655 4
284 665 4
284 679 5
284 692 4
284 699 5
284 746 4
284 778 4
284 823 4
284 829 4
284 849 4
284 879 4
284 924 4
284 926 4
285 288 3
285 289 3
285 303 4
285 307 2
285 313 4
285 319 4
285 321 4
285 326 4
285 330 2
285 347 4
285 748 3
286 1 3
286 3 3
286 7 3
286 10 3
286 13 3
286 14 4
286 15 4
286 93 4
286 109 3
286 111 3
286 121 3
286 123 3
286 124 4
286 125 3
286 127 4
286 129 3
286 137 4
286 146 3
286 147 3
286 150 4
286 151 4
286 181 4
286 220 3
286 221 4
286 235 3
286 236 3
286 237 3
286 245 3
286 248 3
286 250 3
286 255 3
286 257 3
286 258 4
286 262 3
286 264 3
286 270 4
286 273 3
286 275 4
286 276 3
286 277 3
286 280 3
286 282 3
286 284 3
286 285 4
286 286 4
286 287 3
286 295 4
286 298 3
286 299 4
286 300 3
286 305 3
286 319 3
286 321 3
286 322 3
286 327 3
286 331 3
286 332 3
286 333 3
286 460 3
286 471 3
286 475 3
286 476 3
286 508 3
286 591 3
286 595 3
286 597 3
286 620 4
286 628 3
286 678 3
286 689 3
286 690 3
286 696 3
286 717 3
286 718 3
286 742 3
286 748 3
286 762 3
286 766 3
286 818 3
286 823 3
286 846 3
286 864 3
286 872 3
286 874 3
286 879 3
286 880 3
286 882 3
286 886 3
286 887 3
286 924 3
286 935 3
286 936 3
286 975 3
286 994 2
286 995 3
287 1 3
287 2 3
287 3 3
287 4 3
287 12 4
287 17 3
287 25 4
287 28 3
287 31 3
287 38 3
287 42 3
287 43 3
287 45 4
287 48 4
287 49 3
287 50 4
287 55 3
287 58 3
287 66 4
287 68 3
287 69 3
287 71 3
287 73 3
287 76 4
287 77 3
287 79 3
287 81 3
287 82 3
287 87 4
287 88 4
287 92 3
287 95 3
287 96 3
287 97 3
287 99 3
287 100 3
287 111 3
287 117 3
287 121 4
287 125 4
287 128 3
287 133 4
287 136 4
287 140 3
287 143 3
287 144 3
287 150 4
287 160 3
287 161 4
287 172 3
287 174 4
287 176 3
287 179 3
287 181 4
287 183 4
287 188 3
287 191 4
287 194 4
287 195 4
287 196 4
287 202 4
287 206 3
287 215 4
287 216 3
287 218 3
287 222 4
287 226 3
287 227 3
287 230 3
287 232 3
287 237 3
287 239 3
287 249 3
287 252 3
287 255 3
287 257 3
287 258 4
287 259 3
287 260 3
287 265 4
287 270 3
287 272 4
287 273 3
287 276 3
287 280 3
287 282 3
287 286 4
287 288 3
287 289 3
287 293 3
287 294 3
287 298 3
287 300 3
287 318 4
287 333 3
287 347 4
287 356 3
287 366 4
287 367 3
287 378 3
287 402 3
287 411 3
287 412 3
287 423 3
287 432 3
287 455 3
287 462 3
287 470 3
287 471 4
287 474 4
287 501 3
287 540 3
287 541 3
287 546 3
287 549 4
287 550 3
287 566 3
287 572 3
287 578 3
287 588 4
287 591 3
287 596 3
287 597 3
287 620 3
287 627 3
287 628 3
287 651 3
287 652 3
287 658 3
287 672 3
287 679 3
287 684 3
287 685 3
287 686 3
287 692 3
287 710 4
287 713 4
287 727 4
287 732 3
287 735 4
287 739 3
287 742 3
287 747 4
287 748 3
287 768 3
287 772 3
287 779 3
287 781 3
287 790 3
287 794 3
287 820 3
287 823 3
287 833 3
287 845 4
287 921 4
287 932 3
287 939 3
287 941 3
287 955 4
287 956 3
287 978 3
288 1 3
288 8 2
288 9 3
288 11 3
288 22 4
288 28 3
288 33 3
288 58 3
288 64 4
288 69 3
288 70 2
288 83 3
288 87 3
288 96 3
288 98 3
288 111 2
288 133 3
288 135 3
288 154 2
288 164 3
288 168 3
288 172 3
288 173 3
288 176 3
288 180 3
288 181 3
288 182 3
288 183 4
288 185 3
288 186 3
288 190 3
288 196 2
288 198 2
288 199 2
288 200 3
288 203 2
288 207 3
288 208 3
288 210 3
288 211 3
288 222 2
288 228 3
288 230 3
288 238 2
288 243 2
288 245 2
288 258 3
288 260 2
288 265 3
288 269 2
288 289 2
288 292 2
288 299 2
288 304 2
288 318 4
288 328 2
288 333 3
288 357 3
288 358 2
288 385 3
288 405 2
288 414 3
288 419 3
288 429 3
288 434 2
288 468 3
288 474 2
288 480 3
288 485 3
288 491 3
288 493 3
288 496 3
288 498 3
288 500 3
288 510 3
288 511 4
288 514 3
288 515 3
288 520 3
288 521 2
288 523 3
288 526 3
288 527 3
288 568 3
288 605 3
288 612 3
288 655 3
288 659 3
288 662 3
288 692 3
288 707 2
288 724 2
288 732 2
288 748 2
288 776 5
288 845 2
288 880 2
288 890 3
289 243 4
289 258 4
289 259 4
289 260 4
289 261 4
289 263 5
289 264 4
289 266 4
289 268 4
289 270 4
289 271 4
289 272 5
289 286 4
289 288 4
289 289 4
289 292 4
289 294 4
289 301 4
289 302 4
289 303 5
289 308 4
289 310 4
289 313 4
289 315 4
289 316 4
289 321 4
289 324 5
289 325 4
289 326 5
289 327 4
289 330 4
289 331 4
289 332 4
289 333 4
289 334 4
289 339 4
289 340 4
289 342 4
289 343 4
289 349 4
289 353 4
289 355 4
289 358 4
289 457 4
289 538 4
289 539 4
289 678 4
289 681 4
289 682 4
289 687 4
289 689 4
289 750 4
289 751 4
289 752 4
289 872 4
289 873 4
289 874 4
289 875 4
289 881 4
289 883 4
289 887 5
289 890 4
289 892 4
289 902 4
289 908 4
289 948 4
289 988 4
289 989 4
289 991 4
290 1 3
290 7 3
290 9 3
290 15 4
290 50 4
290 93 3
290 117 3
290 124 3
290 126 4
290 127 4
290 150 3
290 151 4
290 181 4
290 224 4
290 237 3
290 246 4
290 257 5
290 258 3
290 273 4
290 277 3
290 284 3
290 286 3
290 292 3
290 293 3
290 298 3
290 302 4
290 333 3
290 410 4
290 475 3
290 515 4
290 596 4
290 764 4
290 847 3
290 919 3
290 926 3
290 993 3
291 7 3
291 19 3
291 45 3
291 100 3
291 124 4
291 129 3
291 236 4
291 237 4
291 258 3
291 273 3
291 286 4
291 340 3
291 475 3
291 657 3
291 900 3
292 45 4
292 56 5
292 64 5
292 69 4
292 83 4
292 97 4
292 100 5
292 124 4
292 127 5
292 134 4
292 137 4
292 185 5
292 186 4
292 187 4
292 192 4
292 193 4
292 205 5
292 221 4
292 242 4
292 285 4
292 286 4
292 318 5
292 479 5
292 482 4
292 483 4
292 492 4
292 511 5
292 523 5
292 527 4
292 531 4
292 654 4
292 657 4
292 772 3
292 923 4
293 1 4
293 7 4
293 11 5
293 12 5
293 22 4
293 24 4
293 48 4
293 50 5
293 56 5
293 59 5
293 60 4
293 61 4
293 65 4
293 69 4
293 71 4
293 79 4
293 82 4
293 91 4
293 95 4
293 96 5
293 98 4
293 100 4
293 115 4
293 117 5
293 118 4
293 121 4
293 124 5
293 127 4
293 150 4
293 156 4
293 168 4
293 171 4
293 172 4
293 173 5
293 174 5
293 175 4
293 176 4
293 180 4
293 181 4
293 182 4
293 183 4
293 188 4
293 191 5
293 192 4
293 195 4
293 196 4
293 201 4
293 209 4
293 210 4
293 222 5
293 234 4
293 235 4
293 238 5
293 239 4
293 250 4
293 252 4
293 257 5
293 258 4
293 260 4
293 264 4
293 265 5
293 271 4
293 273 4
293 275 5
293 284 4
293 288 4
293 298 4
293 300 5
293 318 5
293 323 4
293 327 4
293 328 4
293 343 4
293 357 4
293 369 4
293 405 4
293 411 4
293 423 4
293 431 4
293 455 4
293 462 5
293 475 4
293 483 5
293 527 5
293 528 5
293 546 4
293 550 4
293 597 4
293 647 5
293 652 4
293 684 4
293 687 4
293 693 5
293 742 5
293 746 5
293 751 5
293 754 5
293 762 4
293 763 5
293 876 4
293 886 5
293 890 4
293 925 4
294 1 4
294 9 4
294 15 5
294 64 5
294 65 4
294 86 4
294 98 4
294 100 5
294 126 5
294 174 5
294 183 5
294 191 5
294 194 4
294 222 4
294 237 4
294 286 4
294 289 4
294 294 4
294 322 4
294 357 4
294 479 4
294 507 5
294 528 4
294 748 4
294 924 4
295 2 4
295 4 4
295 11 4
295 29 4
295 44 4
295 50 4
295 53 4
295 54 4
295 56 4
295 62 4
295 64 4
295 68 4
295 69 4
295 71 4
295 79 4
295 84 5
295 86 4
295 88 4
295 89 4
295 90 4
295 91 4
295 94 4
295 95 4
295 98 4
295 101 4
295 109 4
295 120 4
295 127 4
295 132 4
295 133 4
295 139 4
295 140 4
295 144 4
295 145 4
295 147 4
295 153 4
295 155 4
295 157 4
295 158 5
295 161 4
295 162 4
295 163 4
295 167 4
295 168 4
295 172 4
295 173 5
295 174 4
295 176 4
295 179 4
295 181 4
295 184 4
295 186 4
295 188 4
295 191 4
295 195 4
295 200 4
295 201 4
295 202 4
295 214 5
295 216 4
295 217 4
295 219 4
295 222 4
295 226 4
295 227 4
295 228 4
295 229 4
295 230 4
295 231 4
295 232 4
295 234 4
295 235 4
295 265 4
295 282 4
295 288 4
295 357 4
295 379 4
295 380 4
295 385 4
295 386 4
295 389 4
295 391 4
295 392 4
295 395 4
295 402 4
295 403 4
295 404 4
295 413 4
295 416 4
295 417 4
295 421 4
295 423 4
295 431 4
295 433 4
295 435 4
295 444 4
295 447 4
295 449 4
295 452 4
295 465 4
295 470 4
295 472 4
295 478 4
295 479 4
295 496 4
295 501 4
295 504 4
295 505 4
295 507 4
295 523 4
295 550 4
295 559 4
295 566 4
295 575 4
295 581 4
295 616 4
295 622 4
295 629 4
295 642 4
295 650 4
295 658 4
295 660 4
295 665 4
295 671 4
295 674 4
295 679 4
295 684 4
295 705 4
295 732 4
295 742 4
295 768 4
295 770 4
295 790 4
295 796 4
295 797 4
295 831 4
295 843 5
295 924 4
295 944 5
296 7 4
296 10 4
296 17 4
296 33 4
296 38 4
296 39 4
296 42 4
296 50 4
296 53 4
296 56 4
296 64 4
296 77 4
296 87 4
296 96 4
296 97 4
296 98 4
296 99 4
296 109 4
296 132 4
296 133 4
296 135 4
296 136 4
296 141 4
296 142 4
296 143 4
296 147 4
296 150 4
296 154 4
296 156 4
296 158 4
296 164 4
296 172 4
296 173 4
296 181 4
296 183 4
296 186 4
296 204 4
296 222 4
296 227 4
296 228 5
296 229 4
296 246 4
296 268 4
296 288 4
296 318 4
296 356 4
296 378 4
296 380 5
296 393 4
296 417 4
296 418 4
296 420 4
296 421 4
296 433 4
296 469 4
296 480 4
296 484 4
296 485 4
296 509 4
296 526 4
296 528 4
296 532 5
296 554 4
296 561 4
296 607 4
296 625 4
296 633 4
296 727 4
296 743 4
296 746 4
296 774 4
296 825 4
296 921 4
297 1 4
297 2 3
297 3 3
297 11 3
297 12 5
297 13 3
297 19 4
297 24 3
297 25 3
297 28 4
297 31 4
297 38 4
297 39 3
297 54 4
297 56 5
297 66 4
297 67 3
297 70 4
297 71 3
297 72 3
297 77 3
297 79 3
297 80 3
297 87 4
297 89 5
297 94 3
297 95 3
297 96 3
297 97 4
297 98 4
297 99 3
297 100 4
297 101 3
297 105 3
297 108 3
297 109 3
297 114 4
297 118 3
297 122 3
297 127 5
297 139 4
297 145 3
297 152 3
297 153 5
297 155 3
297 161 4
297 163 3
297 164 4
297 167 3
297 168 4
297 173 5
297 174 4
297 175 4
297 181 4
297 183 5
297 185 5
297 186 4
297 187 5
297 188 4
297 189 4
297 194 5
297 195 3
297 197 5
297 202 3
297 204 3
297 208 4
297 217 3
297 222 4
297 225 3
297 227 3
297 228 4
297 229 3
297 230 3
297 233 3
297 234 3
297 240 3
297 242 5
297 248 4
297 250 3
297 252 3
297 257 4
297 258 4
297 260 4
297 268 5
297 273 4
297 274 4
297 288 3
297 291 4
297 325 3
297 358 3
297 363 3
297 364 3
297 373 3
297 381 3
297 382 3
297 384 3
297 385 4
297 386 3
297 393 4
297 395 3
297 399 4
297 403 4
297 405 3
297 407 3
297 408 4
297 412 3
297 418 3
297 423 3
297 431 4
297 432 4
297 451 4
297 452 3
297 455 3
297 465 3
297 472 3
297 475 3
297 501 3
297 508 3
297 510 5
297 526 4
297 540 3
297 545 2
297 549 4
297 550 3
297 552 3
297 559 3
297 562 3
297 566 5
297 568 3
297 570 4
297 575 3
297 577 3
297 578 3
297 588 3
297 590 3
297 597 3
297 603 4
297 625 3
297 627 3
297 645 4
297 651 5
297 652 4
297 655 5
297 657 4
297 679 4
297 692 4
297 716 3
297 721 3
297 722 3
297 724 3
297 731 4
297 741 4
297 748 3
297 758 3
297 765 4
297 771 3
297 780 3
297 781 3
297 783 3
297 790 3
297 792 4
297 797 3
297 802 3
297 808 3
297 809 3
297 810 4
297 840 3
297 849 3
297 864 3
297 940 5
297 943 4
297 1000 3
298 10 3
298 11 3
298 12 4
298 23 4
298 32 4
298 50 4
298 53 3
298 54 3
298 56 4
298 59 4
298 61 3
298 79 3
298 83 4
298 89 3
298 98 4
298 121 3
298 124 4
298 127 4
298 136 3
298 137 4
298 144 3
298 150 3
298 151 4
298 156 3
298 160 3
298 164 3
298 168 3
298 171 4
298 172 3
298 175 3
298 176 4
298 182 3
298 183 3
298 186 4
298 187 4
298 191 3
298 192 4
298 197 4
298 202 3
298 203 3
298 204 3
298 210 3
298 218 3
298 222 3
298 228 3
298 229 3
298 258 3
298 262 3
298 271 3
298 275 3
298 288 3
298 293 3
298 302 3
298 340 3
298 381 3
298 425 3
298 435 3
298 443 3
298 447 3
298 448 3
298 449 3
298 464 4
298 474 3
298 475 3
298 483 4
298 484 4
298 486 3
298 489 3
298 512 3
298 515 4
298 522 3
298 525 4
298 548 3
298 554 3
298 558 4
298 594 3
298 607 3
298 628 3
298 631 3
298 649 3
298 652 3
298 656 3
298 664 3
298 675 4
298 693 3
298 754 3
298 772 3
298 806 4
298 887 3
298 919 3
298 922 3
298 933 3
298 985 3
299 7 4
299 8 4
299 11 4
299 12 4
299 50 5
299 69 4
299 87 4
299 97 4
299 117 4
299 132 5
299 153 4
299 157 4
299 176 4
299 177 4
299 181 4
299 182 4
299 183 4
299 191 4
299 193 4
299 194 4
299 198 4
299 202 4
299 207 4
299 210 4
299 213 4
299 215 4
299 238 4
299 251 5
299 271 4
299 272 4
299 275 4
299 295 4
299 300 4
299 301 4
299 312 4
299 313 5
299 318 4
299 326 4
299 357 5
299 414 4
299 425 4
299 427 4
299 463 4
299 474 4
299 482 4
299 483 4
299 484 4
299 486 4
299 497 4
299 511 5
299 514 4
299 516 4
299 520 4
299 521 5
299 530 4
299 539 4
299 605 4
299 651 4
299 657 4
299 661 4
299 663 4
299 690 4
299 692 4
299 742 4
299 750 4
299 879 4
299 886 4
299 887 4
299 902 4
300 1 4
300 3 4
300 8 4
300 9 5
300 15 4
300 25 4
300 28 4
300 30 4
300 39 4
300 42 4
300 43 4
300 44 4
300 45 4
300 50 5
300 56 4
300 58 4
300 59 4
300 61 4
300 62 4
300 69 4
300 70 4
300 72 4
300 77 4
300 83 4
300 88 4
300 89 4
300 94 4
300 97 4
300 98 4
300 100 4
300 116 4
300 118 4
300 120 4
300 125 4
300 129 4
300 133 4
300 135 4
300 143 4
300 147 4
300 159 4
300 164 4
300 172 5
300 175 4
300 179 4
300 181 5
300 196 5
300 204 4
300 208 4
300 210 4
300 211 4
300 216 4
300 217 4
300 223 4
300 234 4
300 235 4
300 238 4
300 244 4
300 245 4
300 246 5
300 250 4
300 252 4
300 255 4
300 257 4
300 268 4
300 274 4
300 275 5
300 276 5
300 281 4
300 282 5
300 283 4
300 284 4
300 285 4
300 287 4
300 294 4
300 298 4
300 300 4
300 301 4
300 304 4
300 316 4
300 319 4
300 325 4
300 381 5
300 386 4
300 387 4
300 393 4
300 396 4
300 405 4
300 407 4
300 412 4
300 421 4
300 448 4
300 464 4
300 469 4
300 471 4
300 472 4
300 475 5
300 476 4
300 479 5
300 498 4
300 509 4
300 514 5
300 517 4
300 522 4
300 529 4
300 531 4
300 535 4
300 553 4
300 559 4
300 568 4
300 569 5
300 584 4
300 611 4
300 619 4
300 639 4
300 640 4
300 660 4
300 662 4
300 665 4
300 699 4
300 709 4
300 714 4
300 721 4
300 729 4
300 735 5
300 739 4
300 742 4
300 762 4
300 768 4
300 775 4
300 780 4
300 781 4
300 815 4
300 821 4
300 827 4
300 836 4
300 845 4
300 930 4
300 964 4
300 971 4
300 988 4
300 996 4